0.0
1.6670000553131104
1.7200000286102295
1.7620000839233398
1.819000005722046
1.8880000114440918
1.943000078201294
1.9970002174377441
4.045000076293945
5.736000061035156
5.809000015258789
5.878000020980835
5.930999994277954
5.976999998092651
6.016000032424927
6.058000087738037
7.617000102996826
9.781000137329102
9.930000066757202
10.032000064849854
10.166000127792358
10.335000038146973
10.39900016784668
10.45900011062622
11.614000082015991
12.860000133514404
12.957000017166138
13.025000095367432
13.092000007629395
13.156000137329102
13.207000017166138
13.26200008392334
15.621000051498413
16.290000200271606
16.388000011444092
16.480000019073486
16.591000080108643
17.0770001411438
17.14300012588501
17.199000120162964
19.782999992370605
21.052000045776367
21.140000104904175
21.21500015258789
21.29200005531311
21.348000049591064
21.397000074386597
21.444000005722046
23.800000190734863
24.24500012397766
24.32100009918213
24.41700005531311
24.497000217437744
24.734000205993652
24.82200002670288
24.913000106811523
27.722000122070312
28.930000066757202
29.027000188827515
29.106000185012817
29.180999994277954
29.24500012397766
29.318000078201294
29.375
31.60800004005432
33.00999999046326
33.11800003051758
33.51700019836426
33.59600019454956
33.65000009536743
33.7039999961853
33.74500012397766
35.8510000705719
36.20800018310547
36.319000005722046
36.450000047683716
37.23800015449524
37.2960000038147
37.342000007629395
37.40300011634827
39.69600009918213
40.89800000190735
40.991000175476074
41.282999992370605
41.35800004005432
41.54700016975403
41.60199999809265
41.65000009536743
43.610000133514404
45.10000014305115
45.21900010108948
45.426000118255615
45.50999999046326
45.5460000038147
45.581000089645386
45.61500000953674
47.76900005340576
48.24600005149841
48.348000049591064
48.580000162124634
48.682000160217285
48.742000102996826
48.7960000038147
48.84700012207031
51.6470000743866
53.05900001525879
53.188000202178955
53.31600022315979
53.38600015640259
53.45100021362305
53.504000186920166
53.55800008773804
55.855000019073486
56.986000061035156
57.08900022506714
57.176000118255615
57.5770001411438
57.63700008392334
57.68600010871887
57.735000133514404
59.66700005531311
60.71300005912781
60.813000202178955
61.15500020980835
61.24000000953674
61.27800011634827
61.31600022315979
61.35300016403198
63.7720000743866
65.27000021934509
65.375
65.47000002861023
65.5920000076294
65.7039999961853
65.77700018882751
65.85400009155273
67.74600005149841
69.19800019264221
69.2720000743866
69.36800003051758
69.60000014305115
69.66200017929077
69.70900011062622
69.74600005149841
71.60500001907349
72.80800008773804
72.90500020980835
73.01100015640259
73.14200019836426
73.22000002861023
73.2829999923706
73.33900022506714
75.8360002040863
76.32500004768372
76.42600011825562
77.40300011634827
77.4670000076294
77.51600003242493
77.5640001296997
77.60900020599365
79.72300004959106
80.2940001487732
80.99400019645691
81.10700011253357
81.20300006866455
81.28500008583069
81.44900012016296
81.49900007247925
83.61300015449524
85.08000016212463
85.20000004768372
85.28800010681152
85.39600014686584
85.48700022697449
85.5530002117157
85.60600018501282
87.61800003051758
89.14200019836426
89.25600004196167
89.35900020599365
89.44900012016296
89.50100016593933
89.55400013923645
89.59000015258789
91.74900007247925
92.37700009346008
93.44100022315979
93.49300003051758
93.5460000038147
93.59700012207031
93.64300012588501
93.69600009918213
95.76100015640259
96.8180000782013
96.92200016975403
97.32500004768372
97.49200010299683
97.54700016975403
97.58700013160706
97.62700009346008
99.67600011825562
100.8840000629425
100.99700021743774
101.27500009536743
101.36100006103516
101.42000007629395
101.4610002040863
101.5090000629425
103.7110002040863
105.1560001373291
105.23900008201599
105.32200002670288
105.68600010871887
105.78200006484985
105.86600017547607
105.94700002670288
107.61900019645691
108.95800018310547
109.06600022315979
109.1690001487732
109.35199999809265
109.45500016212463
109.51900005340576
109.57400012016296
111.66800022125244
112.95700001716614
113.0530002117157
113.14400005340576
113.2170000076294
113.30000019073486
113.33700013160706
113.3840000629425
115.75999999046326
116.59500002861023
117.56100010871887
117.65900015830994
117.79100012779236
117.87100005149841
117.92400002479553
117.9760000705719
119.61500000953674
121.27600002288818
121.3490002155304
121.45000004768372
121.52100014686584
121.5860002040863
121.64600014686584
121.70900011062622
123.69700002670288
124.76600003242493
124.8730001449585
124.95000004768372
125.0640001296997
125.45100021362305
125.5329999923706
125.59500002861023
127.84600019454956
128.95900011062622
129.05800008773804
129.14400005340576
129.22100019454956
129.28000020980835
129.33200001716614
129.37900018692017
131.69700002670288
133.30100011825562
133.39800000190735
133.5200002193451
133.6210000514984
133.68300008773804
133.74300003051758
133.79700016975403
135.60600018501282
136.23300004005432
136.32600021362305
136.42600011825562
136.5220000743866
136.59800004959106
137.65700006484985
137.7170000076294
139.5550000667572
141.00300002098083
141.12400007247925
141.2440001964569
141.30800008773804
141.39400005340576
141.45600008964539
141.50300002098083
143.6380000114441
144.3710000514984
144.4430000782013
145.08700013160706
145.143000125885
145.19600009918213
145.25400018692017
145.30100011825562
147.65500020980835
149.2170000076294
149.32800006866455
149.41300010681152
149.489000082016
149.58500003814697
149.70100021362305
149.7720000743866
151.70900011062622
153.10600018501282
153.1800000667572
153.29100012779236
153.38100004196167
153.4740002155304
153.53400015830994
153.58300018310547
155.8420000076294
156.4670000076294
156.55200004577637
156.6579999923706
157.5420000553131
157.61500000953674
157.6710000038147
157.70600008964539
159.64400005340576
160.24200010299683
161.0440001487732
161.14800000190735
161.2480001449585
161.32600021362305
161.37200021743774
161.46000003814697
163.6840000152588
165.24700021743774
165.33000016212463
165.42000007629395
165.48400020599365
165.58000016212463
165.632000207901
165.67900013923645
167.5789999961853
168.90400004386902
168.99000000953674
169.07400012016296
169.15100002288818
169.20300006866455
169.257000207901
169.3030002117157
171.65000009536743
172.49200010299683
172.58700013160706
172.65900015830994
173.25999999046326
173.3050000667572
173.3490002155304
173.40700006484985
175.5990002155304
176.90300011634827
176.98200011253357
177.06200003623962
177.13000011444092
177.22100019454956
177.28600001335144
177.34600019454956
179.56200003623962
180.89900016784668
181.0130000114441
181.11700010299683
181.20800018310547
181.25600004196167
181.31000018119812
181.67500019073486
183.80200004577637
184.19500017166138
184.27800011634827
184.40100002288818
184.4960000514984
184.59300017356873
184.70500016212463
184.78800010681152
187.76600003242493
189.49100017547607
189.58300018310547
189.67600011825562
189.77600002288818
189.8950002193451
189.96900010108948
190.02700018882751
191.60300016403198
192.43700003623962
192.53600001335144
192.63900017738342
192.71200013160706
192.83200001716614
193.42900013923645
193.69000005722046
195.5680000782013
196.82500004768372
196.91400003433228
196.97900009155273
197.08200001716614
197.16200017929077
197.22500014305115
197.30700016021729
199.74000000953674
200.27400016784668
200.38000011444092
201.23800015449524
201.34100008010864
201.42300009727478
201.46200013160706
201.50400018692017
203.62700009346008
205.00600004196167
205.11500000953674
205.17600011825562
205.23600006103516
205.2960000038147
205.3490002155304
205.39100003242493
207.61100006103516
209.16200017929077
209.2700002193451
209.37700009346008
209.4480001926422
209.50500011444092
209.58300018310547
209.6190001964569
211.60000014305115
212.89400005340576
212.9850001335144
213.0460000038147
213.10700011253357
213.1840000152588
213.2370002269745
213.28600001335144
215.80700016021729
217.13700008392334
217.25800013542175
217.37200021743774
217.47100019454956
217.55700016021729
217.61800003051758
217.6780002117157
219.81200003623962
220.74700021743774
220.86700010299683
221.12400007247925
221.20500016212463
221.45800018310547
221.507000207901
221.63499999046326
223.62200021743774
225.01500010490417
225.13100004196167
225.2370002269745
225.32500004768372
225.393000125885
225.45000004768372
225.489000082016
227.8050000667572
228.94500017166138
229.06200003623962
229.14800000190735
229.2480001449585
229.32800006866455
229.38499999046326
229.44200015068054
231.65300011634827
232.93099999427795
233.0310001373291
233.13700008392334
233.21900010108948
233.27400016784668
233.32600021362305
233.37600016593933
235.7020001411438
236.46600008010864
236.57400012016296
236.68099999427795
236.79500007629395
236.86800003051758
236.94400000572205
237.01500010490417
239.57600021362305
240.8550000190735
240.94000005722046
241.05200004577637
241.12600016593933
241.22300004959106
241.2940001487732
241.6190001964569
243.63700008392334
244.3140001296997
244.4100000858307
244.94900012016296
245.02900004386902
245.07100009918213
245.1230001449585
245.17000007629395
247.83200001716614
249.26600003242493
249.4150002002716
249.49700021743774
249.59600019454956
249.67200016975403
249.7350001335144
249.78800010681152
251.74900007247925
252.99900007247925
253.11800003051758
253.22699999809265
253.31700015068054
253.3690001964569
253.4170000553131
253.46900010108948
255.80599999427795
256.2850000858307
256.3840000629425
257.1730000972748
257.25300002098083
257.2880001068115
257.34100008010864
257.37800002098083
259.625
260.4810001850128
260.6380000114441
261.73600006103516
261.7940001487732
261.8420000076294
261.89600014686584
261.95500016212463
263.7000000476837
264.62600016593933
264.73400020599365
265.0
265.0860002040863
265.4740002155304
265.52100014686584
265.5590000152588
267.6050000190735
269.20500016212463
269.27800011634827
269.353000164032
269.47100019454956
269.5610001087189
269.67700004577637
269.80400013923645
271.65700006484985
272.2430000305176
272.3380000591278
272.45800018310547
272.89800000190735
272.9920001029968
273.05599999427795
273.1160001754761
275.6760001182556
277.20500016212463
277.32400012016296
277.4320001602173
277.6490001678467
277.82800006866455
277.87800002098083
277.92700004577637
279.6600000858307
280.81700015068054
280.91600012779236
281.0090000629425
281.0770001411438
281.12200021743774
281.1710000038147
281.22000002861023
283.91100001335144
284.4720001220703
284.58700013160706
284.6970000267029
285.38700008392334
285.45700001716614
285.50800013542175
285.56500005722046
287.6690001487732
289.0110001564026
289.0970001220703
289.18300008773804
289.24900007247925
289.31500005722046
289.3600001335144
289.4020001888275
291.6050000190735
292.86500000953674
292.98600006103516
293.09500002861023
293.19900012016296
293.26200008392334
293.3230001926422
293.37000012397766
295.7260000705719
296.8900001049042
297.0130000114441
297.0860002040863
297.16600012779236
297.28400015830994
297.37800002098083
297.46200013160706
299.67000007629395
300.8900001049042
300.9560000896454
301.0270001888275
301.0940001010895
301.1470000743866
301.19600009918213
301.239000082016
303.61300015449524
304.1980001926422
304.3090000152588
304.41800022125244
304.50999999046326
304.6210000514984
304.70100021362305
304.7770001888275
307.77100014686584
308.97100019454956
309.0900001525879
309.1820001602173
309.2770001888275
309.3550000190735
309.4340000152588
309.4850001335144
311.69900012016296
312.9630000591278
313.02800011634827
313.07600021362305
313.12400007247925
313.172000169754
313.22000002861023
313.2650001049042
315.62200021743774
317.32800006866455
317.4450001716614
317.5620000362396
317.65500020980835
317.7060000896454
317.7610001564026
317.81900000572205
319.59800004959106
320.08700013160706
320.17000007629395
320.2829999923706
321.3070001602173
321.3620002269745
321.41200017929077
321.46200013160706
323.67400002479553
324.31500005722046
324.41600012779236
325.50100016593933
325.56900000572205
325.60900020599365
325.6640000343323
325.72500014305115
327.6400001049042
329.32600021362305
329.4320001602173
329.54900002479553
329.65300011634827
329.69200015068054
329.73400020599365
329.7829999923706
331.5700001716614
332.8230001926422
332.9100000858307
332.97500014305115
333.0550000667572
333.103000164032
333.15000009536743
333.19600009918213
335.6050000190735
336.32100009918213
336.4260001182556
336.6850001811981
337.15000009536743
337.23400020599365
337.31900000572205
337.37900018692017
339.65900015830994
341.08200001716614
341.1780002117157
341.279000043869
341.32800006866455
341.4300000667572
341.47500014305115
341.51200008392334
343.68800020217896
344.7520000934601
344.8600001335144
344.96400022506714
345.2060000896454
345.2630000114441
345.42900013923645
345.4850001335144
347.8430001735687
348.33200001716614
348.44000005722046
348.8990001678467
348.98800015449524
349.30200004577637
349.47300004959106
349.6560001373291
351.61300015449524
352.32800006866455
352.52300000190735
352.60000014305115
352.6670000553131
353.53400015830994
353.5810000896454
353.62200021743774
355.5970001220703
356.41600012779236
356.53000020980835
356.9390001296997
356.9960000514984
357.06900000572205
357.50400018692017
357.7420001029968
359.65900015830994
361.0680000782013
361.17900013923645
361.28700017929077
361.37900018692017
361.46200013160706
361.5270001888275
361.58200001716614
363.6600000858307
364.84600019454956
364.91800022125244
364.98200011253357
365.0550000667572
365.1080000400543
365.172000169754
365.2190001010895
367.8030002117157
368.48800015449524
368.59100008010864
369.04900002479553
369.13700008392334
369.1950001716614
369.3860001564026
369.44600009918213
371.68300008773804
372.9690001010895
373.07400012016296
373.1850001811981
373.25
373.35400009155273
373.4340000152588
373.4870002269745
375.6730000972748
376.8400001525879
376.96400022506714
377.04500007629395
377.1470000743866
377.2150001525879
377.26900005340576
377.3140001296997
379.63499999046326
381.1670000553131
381.2720000743866
381.39400005340576
381.62200021743774
381.6980001926422
381.7650001049042
381.82400012016296
383.5550000667572
384.9300000667572
385.03400015830994
385.1270000934601
385.2130000591278
385.2630000114441
385.30200004577637
385.35199999809265
387.63700008392334
388.24900007247925
388.34600019454956
388.4340000152588
388.53000020980835
388.6180000305176
389.5480000972748
389.62200021743774
391.66100001335144
393.047000169754
393.13100004196167
393.20300006866455
393.2740001678467
393.3380000591278
393.39600014686584
393.4390001296997
395.6190001964569
397.05400013923645
397.154000043869
397.24000000953674
397.32600021362305
397.3950002193451
397.46600008010864
397.52100014686584
399.9320001602173
401.0140001773834
401.13100004196167
401.24700021743774
401.353000164032
401.4350001811981
401.50400018692017
401.5730001926422
403.77100014686584
404.27800011634827
404.375
404.48800015449524
404.5620000362396
404.6800000667572
404.7630000114441
404.8430001735687
407.62800002098083
408.7430000305176
408.85199999809265
408.99900007247925
409.1010000705719
409.1820001602173
409.2590000629425
409.35000014305115
411.8010001182556
412.239000082016
412.38300013542175
412.4940001964569
412.61300015449524
413.34100008010864
413.4060001373291
413.4539999961853
415.7920000553131
416.3420000076294
416.44600009918213
416.90900015830994
417.0200002193451
417.09600019454956
417.1600000858307
417.20700001716614
419.61100006103516
420.8120000362396
420.90300011634827
421.0050001144409
421.0970001220703
421.32400012016296
421.38700008392334
421.43800020217896
423.7760000228882
424.90300011634827
425.00800013542175
425.10400009155273
425.20500016212463
425.26900005340576
425.31900000572205
425.37800002098083
427.8250000476837
429.2740001678467
429.364000082016
429.62400007247925
429.6820001602173
429.72699999809265
429.76900005340576
429.82100009918213
431.72300004959106
432.3050000667572
432.4060001373291
433.17500019073486
433.29500007629395
433.37600016593933
433.4560000896454
433.52100014686584
435.797000169754
437.04900002479553
437.12600016593933
437.22000002861023
437.25999999046326
437.31500005722046
437.37200021743774
437.41600012779236
439.6050000190735
440.65700006484985
440.73800015449524
440.8270001411438
440.89800000190735
440.95700001716614
441.0110001564026
441.0680000782013
443.6100001335144
445.10700011253357
445.210000038147
445.3160002231598
445.50600004196167
445.56500005722046
445.6230001449585
445.6600000858307
447.76200008392334
449.125
449.1840000152588
449.24500012397766
449.32100009918213
449.375
449.44000005722046
449.507000207901
451.6100001335144
453.0390000343323
453.1490001678467
453.2190001010895
453.2850000858307
453.3490002155304
453.404000043869
453.4539999961853
455.58000016212463
456.51200008392334
456.6180000305176
456.989000082016
457.08200001716614
457.15900015830994
457.2350001335144
457.3010001182556
459.8950002193451
460.38700008392334
460.4980001449585
460.60199999809265
461.34600019454956
461.42700004577637
461.47100019454956
461.5130000114441
463.78200006484985
464.60400009155273
464.6950001716614
464.83900022506714
464.9610002040863
465.16100001335144
465.2610001564026
465.31500005722046
467.6360001564026
468.7370002269745
468.8430001735687
468.9430000782013
469.04500007629395
469.12600016593933
469.210000038147
469.2880001068115
471.7350001335144
473.22300004959106
473.3310000896454
473.50800013542175
473.5640001296997
473.6160001754761
473.6690001487732
473.72100019454956
475.70300006866455
476.5720000267029
476.6650002002716
476.76200008392334
476.8420000076294
476.98800015449524
477.4810001850128
477.82800006866455
479.6340000629425
480.3800001144409
480.507000207901
480.57600021362305
480.8840000629425
480.9690001010895
481.09100008010864
481.1730000972748
483.71200013160706
484.8770000934601
484.95500016212463
485.0350000858307
485.125
485.22500014305115
485.3270001411438
485.4390001296997
487.5130000114441
488.65700006484985
488.72500014305115
488.78400015830994
488.8220000267029
488.87600016593933
488.90900015830994
488.94000005722046
