0.0
1.4930000305175781
1.5529999732971191
1.9300000667572021
1.9730000495910645
2.0210001468658447
2.7109999656677246
2.752000093460083
3.8310000896453857
5.417999982833862
5.567000150680542
5.626000165939331
5.67900013923645
5.732000112533569
5.781000137329102
5.838000059127808
7.93500018119812
9.940000057220459
10.068000078201294
10.157999992370605
10.240000009536743
10.327000141143799
10.394999980926514
10.455000162124634
12.001000165939331
13.29800009727478
13.384000062942505
13.473999977111816
13.739000082015991
13.787000179290771
13.853000164031982
13.900000095367432
15.866000175476074
17.23900008201599
17.343000173568726
17.414999961853027
17.53500008583069
17.755000114440918
17.805000066757202
17.85199999809265
19.730000019073486
20.34500002861023
20.453999996185303
20.57100009918213
20.657999992370605
20.772000074386597
20.84599995613098
20.927000045776367
23.811000108718872
25.18400001525879
25.31500005722046
25.437999963760376
25.545000076293945
25.628999948501587
25.699000120162964
25.746999979019165
27.992000102996826
28.433000087738037
28.52500009536743
28.628999948501587
28.764000177383423
28.88700008392334
28.968000173568726
29.05299997329712
31.700999975204468
32.93900012969971
33.05299997329712
33.19200015068054
33.27900004386902
33.354000091552734
33.42200016975403
33.62100005149841
35.73099994659424
37.42799997329712
37.63000011444092
37.710999965667725
37.75800013542175
37.81100010871887
37.8510000705719
37.894999980926514
39.83200001716614
41.062999963760376
41.18900012969971
41.43400001525879
41.50399994850159
41.58899998664856
41.63900017738342
41.68900012969971
43.85700011253357
44.492000102996826
44.61199998855591
44.74000000953674
44.85899996757507
44.937000036239624
45.019999980926514
45.875
47.73800015449524
48.97200012207031
49.10700011253357
49.241000175476074
49.35000014305115
49.43500018119812
49.52500009536743
49.580000162124634
51.753000020980835
53.10700011253357
53.23200011253357
53.33200001716614
53.42799997329712
53.47800016403198
53.5220000743866
53.57100009918213
55.718000173568726
57.146000146865845
57.271000146865845
58.26300001144409
58.34599995613098
58.407999992370605
58.46300005912781
58.52900004386902
59.723999977111816
61.09400010108948
61.22200012207031
61.31599998474121
61.407999992370605
61.592000007629395
61.65000009536743
61.7039999961853
63.72800016403198
65.5
65.62199997901917
65.74000000953674
65.83000016212463
65.89300012588501
65.94600009918213
66.00100016593933
67.74200010299683
69.21200013160706
69.32000017166138
69.42499995231628
69.50699996948242
69.58800005912781
69.63900017738342
69.6930000782013
71.8510000705719
72.43400001525879
73.76600003242493
73.82400012016296
73.86700010299683
73.92200016975403
73.97500014305115
74.0310001373291
75.76200008392334
76.48000001907349
76.61300015449524
76.76300001144409
76.88499999046326
76.96900010108948
77.05400013923645
77.15400004386902
79.71099996566772
80.44099998474121
80.54100012779236
80.66600012779236
80.76500010490417
80.83400011062622
80.88199996948242
81.05700016021729
83.82200002670288
85.67900013923645
85.84500002861023
85.96600008010864
86.08200001716614
86.14000010490417
86.1930000782013
86.25100016593933
87.94500017166138
89.74000000953674
89.84899997711182
89.93600010871887
89.98099994659424
90.02500009536743
90.07000017166138
90.12199997901917
91.70600008964539
92.86899995803833
92.99399995803833
93.09400010108948
93.2039999961853
93.30299997329712
93.36600017547607
93.41600012779236
95.70799994468689
97.32000017166138
97.44500017166138
97.5640001296997
97.63900017738342
97.71300005912781
97.84300017356873
97.97900009155273
99.82200002670288
101.41700005531311
101.52600002288818
101.6100001335144
101.6890001296997
101.73900008201599
101.78999996185303
101.84400010108948
103.76800012588501
105.14000010490417
105.25500011444092
105.37000012397766
105.4850001335144
105.58700013160706
105.69099998474121
105.76600003242493
107.71399998664856
109.43200016021729
109.81000018119812
109.89499998092651
109.96200013160706
110.0220000743866
110.0680000782013
110.12700009346008
111.82800006866455
112.59100008010864
112.69400000572205
113.74300003051758
113.80800008773804
113.8600001335144
113.91100001335144
113.9539999961853
115.71399998664856
116.43400001525879
116.55700016021729
118.23200011253357
118.3140001296997
118.37600016593933
118.42900013923645
118.48300004005432
119.72900009155273
121.44200015068054
121.54900002479553
121.6800000667572
121.78999996185303
121.83899998664856
121.89000010490417
121.94099998474121
123.99900007247925
124.77999997138977
124.875
124.9390001296997
124.98099994659424
125.45000004768372
125.59500002861023
125.82000017166138
127.71800017356873
128.95300006866455
129.04299998283386
129.16600012779236
129.2960000038147
129.35700011253357
129.41600012779236
129.46099996566772
131.76200008392334
133.53700017929077
133.64400005340576
133.77699995040894
133.84400010108948
133.91600012779236
133.989000082016
134.03999996185303
135.69600009918213
136.83400011062622
136.94600009918213
137.05100011825562
137.3550000190735
137.4430000782013
137.50300002098083
137.55299997329712
139.9579999446869
140.88900017738342
141.00200009346008
141.10300016403198
141.15700006484985
141.59300017356873
142.2079999446869
142.25699996948242
143.70000004768372
145.25
145.35599994659424
145.45500016212463
145.58000016212463
145.6470000743866
145.70000004768372
145.74399995803833
147.67600011825562
149.28999996185303
149.43799996376038
149.5920000076294
149.63499999046326
149.6890001296997
149.74500012397766
149.79500007629395
151.9170000553131
153.26400017738342
153.3550000190735
153.45900011062622
153.53200006484985
154.0789999961853
154.12400007247925
154.17400002479553
155.77999997138977
157.02100014686584
157.12800002098083
157.20300006866455
157.30700016021729
157.3970000743866
157.44799995422363
157.49699997901917
159.8159999847412
160.24300003051758
160.36100006103516
160.4869999885559
161.76200008392334
161.86700010299683
161.9340000152588
162.02300000190735
163.7829999923706
164.18600010871887
164.2850000858307
165.6930000782013
165.77800011634827
165.83700013160706
165.89900016784668
165.94799995422363
167.7810001373291
168.4869999885559
168.5420000553131
168.60800004005432
168.67300009727478
168.7539999485016
168.80700016021729
168.85700011253357
171.71200013160706
173.44900012016296
173.56200003623962
173.88900017738342
173.9670000076294
174.02500009536743
174.07100009918213
174.11600017547607
175.74500012397766
177.4670000076294
177.5970001220703
177.6930000782013
177.77100014686584
177.82200002670288
177.87800002098083
177.92400002479553
179.6670000553131
180.26200008392334
180.3710000514984
180.4630000591278
180.5829999446869
181.47500014305115
181.52800011634827
181.58400011062622
183.88300013542175
185.46099996566772
185.58000016212463
185.67499995231628
185.7720000743866
185.87800002098083
185.97800016403198
186.03999996185303
187.68600010871887
189.10300016403198
189.21900010108948
189.31299996376038
189.38700008392334
189.43799996376038
189.49200010299683
189.53600001335144
191.69900012016296
193.5440001487732
193.65400004386902
193.75100016593933
193.85000014305115
193.91499996185303
194.01600003242493
194.08100008964539
195.6800000667572
196.94799995422363
197.06700015068054
197.17000007629395
197.2850000858307
197.34500002861023
197.40700006484985
197.4800000190735
199.87000012397766
200.2020001411438
200.31900000572205
201.489000082016
201.5880000591278
201.6600000858307
201.7130000591278
201.76600003242493
203.70700001716614
205.5350000858307
205.65499997138977
205.78700017929077
205.91799998283386
206.0310001373291
206.12700009346008
206.1909999847412
207.6800000667572
209.35000014305115
209.44700002670288
209.5329999923706
209.61700010299683
209.6710000038147
209.72399997711182
209.77699995040894
211.9190001487732
212.92300009727478
213.03800010681152
213.72300004959106
213.7960000038147
213.86600017547607
213.92499995231628
213.97300004959106
215.71399998664856
217.35899996757507
217.4630000591278
217.5440001487732
217.65700006484985
217.7350001335144
217.79700016975403
217.84500002861023
219.79900002479553
221.1600000858307
221.23800015449524
221.35800004005432
221.45000004768372
221.49100017547607
221.58400011062622
221.6340000629425
223.81700015068054
224.34300017356873
224.44700002670288
225.72099995613098
225.80299997329712
225.85300016403198
225.90300011634827
225.95600008964539
227.84100008010864
229.2630000114441
229.38100004196167
229.47300004959106
229.55200004577637
229.63000011444092
229.7039999961853
229.7610001564026
231.81500005722046
232.3600001335144
232.4579999446869
233.78999996185303
233.85800004005432
233.90700006484985
233.96099996566772
234.02400016784668
235.6690001487732
236.3180000782013
236.393000125885
236.49300003051758
237.7590000629425
237.81500005722046
237.86899995803833
237.92000007629395
239.6710000038147
241.4079999923706
241.51900005340576
241.60400009155273
241.72399997711182
241.82000017166138
241.92700004577637
241.9980001449585
243.9060001373291
244.40700006484985
244.48099994659424
244.56000018119812
245.76699995994568
245.84100008010864
245.89100003242493
245.94200015068054
247.7960000038147
249.38499999046326
249.67000007629395
249.76400017738342
249.83899998664856
249.89800000190735
249.95099997520447
250.00999999046326
251.69400000572205
253.2350001335144
253.5680000782013
253.643000125885
253.70900011062622
253.77100014686584
253.8270001411438
253.87600016593933
255.69799995422363
256.17000007629395
256.27800011634827
257.3289999961853
257.39800000190735
257.45300006866455
257.58700013160706
257.6419999599457
259.82299995422363
260.2220001220703
260.2960000038147
260.4130001068115
260.5169999599457
260.5920000076294
260.67000007629395
260.77300000190735
263.9539999961853
265.7660000324249
265.8589999675751
265.95500016212463
266.0810000896454
266.18300008773804
266.24900007247925
266.3270001411438
267.6730000972748
269.1180000305176
269.2350001335144
269.3329999446869
269.3970000743866
269.4739999771118
269.529000043869
269.5789999961853
271.6850001811981
273.41799998283386
273.5930001735687
273.6630001068115
273.71200013160706
273.75100016593933
273.78600001335144
273.8270001411438
275.7999999523163
277.3310000896454
277.4379999637604
277.768000125885
277.8440001010895
277.8970000743866
277.9910001754761
278.03700017929077
279.6970000267029
281.0510001182556
281.15700006484985
281.4350001811981
281.5140001773834
281.55800008773804
281.6089999675751
281.6560001373291
283.8289999961853
285.38300013542175
285.5140001773834
285.61100006103516
285.720999956131
285.8250000476837
285.8789999485016
285.9350001811981
287.72500014305115
288.2170000076294
288.3110001087189
289.13499999046326
289.2039999961853
289.27999997138977
289.32599997520447
289.37600016593933
291.8359999656677
292.4609999656677
292.57100009918213
292.67900013923645
292.78700017929077
292.8580000400543
292.9340000152588
293.0160000324249
295.70300006866455
296.36300015449524
296.4720001220703
296.57599997520447
296.6840000152588
296.7550001144409
296.83000016212463
296.9190001487732
299.7150001525879
301.4579999446869
301.5610001087189
301.6270000934601
301.69000005722046
301.7720000743866
301.82299995422363
301.87199997901917
303.82299995422363
305.11899995803833
305.2090001106262
305.279000043869
305.33000016212463
305.375
305.41100001335144
305.44400000572205
307.9190001487732
308.9190001487732
309.94200015068054
310.01900005340576
310.0789999961853
310.1270000934601
310.1779999732971
310.23800015449524
311.7190001010895
312.5169999599457
312.62199997901917
312.73800015449524
312.84800004959106
312.92900013923645
313.00100016593933
313.1289999485016
315.65499997138977
317.52999997138977
317.62600016593933
317.72500014305115
317.82400012016296
317.8800001144409
317.92000007629395
317.97000002861023
319.86100006103516
320.9760000705719
321.2090001106262
321.3329999446869
321.6230001449585
321.6710000038147
321.72300004959106
321.7640001773834
323.9249999523163
325.4450001716614
325.55200004577637
325.65900015830994
325.768000125885
325.9500000476837
326.0169999599457
326.0840001106262
327.6710000038147
328.2090001106262
328.3050000667572
329.60000014305115
329.68099999427795
329.74500012397766
329.7980000972748
329.85000014305115
331.6690001487732
333.00999999046326
333.11899995803833
333.2170000076294
333.3090000152588
333.4130001068115
333.89800000190735
333.95099997520447
335.7829999923706
336.5880000591278
336.7039999961853
337.2330000400543
337.4739999771118
337.5160000324249
337.5600001811981
337.6010000705719
339.9450001716614
341.7239999771118
341.8660001754761
342.0160000324249
342.10700011253357
342.19000005722046
342.3010001182556
342.3680000305176
343.69799995422363
345.4340000152588
345.8789999485016
345.9560000896454
346.00100016593933
346.0550000667572
346.1210000514984
346.16600012779236
347.66600012779236
349.664999961853
349.7699999809265
349.86100006103516
349.9300000667572
349.99500012397766
350.0460000038147
350.0970001220703
351.8489999771118
352.6510000228882
352.75800013542175
352.8619999885559
352.960000038147
353.07599997520447
353.1930000782013
353.2420001029968
355.79299998283386
357.9409999847412
358.2000000476837
358.3029999732971
358.3860001564026
358.4370000362396
358.4869999885559
358.5380001068115
359.739000082016
361.0829999446869
361.19400000572205
361.28700017929077
361.414999961853
361.5140001773834
361.58000016212463
361.65000009536743
363.8029999732971
364.4670000076294
364.5680000782013
365.12000012397766
365.18099999427795
365.5529999732971
365.6860001087189
365.7369999885559
367.85199999809265
368.81700015068054
368.90300011634827
369.095999956131
369.69400000572205
369.7460000514984
369.79900002479553
369.8440001010895
371.6850001811981
372.3220000267029
372.3910000324249
372.4920001029968
372.5989999771118
372.67400002479553
372.7520000934601
372.86100006103516
375.720999956131
377.1840000152588
377.29900002479553
377.40900015830994
377.5020000934601
377.5840001106262
377.6380000114441
377.6820001602173
379.9010000228882
381.28200006484985
381.3910000324249
381.4800000190735
381.5169999599457
381.5659999847412
381.62000012397766
381.6670000553131
383.6850001811981
384.4010000228882
385.4869999885559
385.74699997901917
385.80800008773804
385.8600001335144
385.91600012779236
385.970999956131
387.6749999523163
388.48800015449524
388.6779999732971
388.77100014686584
388.875
389.92400002479553
390.00999999046326
390.06500005722046
391.72300004959106
393.422000169754
393.518000125885
393.6080000400543
393.6890001296997
393.7480001449585
393.79900002479553
393.84500002861023
395.8050000667572
397.29299998283386
397.4230000972748
397.52699995040894
397.60199999809265
397.65700006484985
397.69600009918213
397.7430000305176
399.7640001773834
401.335000038147
401.4579999446869
401.5750000476837
401.68300008773804
401.7480001449585
401.797000169754
401.853000164032
403.6749999523163
405.7550001144409
405.845999956131
405.9100000858307
405.9609999656677
406.0050001144409
406.04900002479553
406.0920000076294
407.8600001335144
408.7239999771118
408.82800006866455
408.92900013923645
409.00800013542175
409.12000012397766
409.2260000705719
409.29900002479553
411.71399998664856
413.12600016593933
413.22699999809265
413.3070001602173
413.3619999885559
413.4130001068115
413.46600008010864
413.5130000114441
415.84500002861023
417.83000016212463
417.98800015449524
418.07599997520447
418.2109999656677
418.3250000476837
418.3880000114441
418.4539999961853
419.9500000476837
421.172000169754
421.2880001068115
421.40199995040894
421.54500007629395
421.6400001049042
421.68300008773804
421.73099994659424
423.7610001564026
424.7339999675751
424.8159999847412
424.8949999809265
424.9739999771118
425.0750000476837
425.19600009918213
425.2460000514984
427.69600009918213
429.3990001678467
429.5160000324249
429.625
429.7260000705719
429.7890000343323
429.85199999809265
429.9140000343323
431.8100001811981
433.4579999446869
433.529000043869
433.6340000629425
433.7480001449585
433.8120000362396
433.8949999809265
433.9390001296997
435.76900005340576
437.44600009918213
437.56700015068054
437.6490001678467
437.7039999961853
437.75800013542175
437.8140001296997
437.8710000514984
439.6820001602173
440.4930000305176
440.6050000190735
441.9539999961853
442.0350000858307
442.0989999771118
442.16100001335144
442.2150001525879
