0.0	1.0526471138000488
4.422000169754028	5.4725868701934814
4.738000154495239	5.789161682128906
6.046000003814697	7.0972514152526855
6.0960001945495605	7.147947072982788
6.341000080108643	7.393404245376587
6.371000051498413	7.422514915466309
6.453000068664551	7.504753351211548
6.5320000648498535	3.7123024463653564
6.647000074386597	3.8289642333984375
6.707000017166138	3.887449026107788
6.756999969482422	3.939142942428589
6.828999996185303	4.009657621383667
6.880000114440918	4.068788766860962
6.946000099182129	4.126464366912842
7.009000062942505	4.189642429351807
7.575000047683716	0.6813721656799316
9.942000150680542	3.0486738681793213
10.09600019454956	3.2029824256896973
10.17300009727478	3.280841827392578
10.254000186920166	3.360994577407837
10.327000141143799	3.433464527130127
10.434000015258789	3.5386738777160645
10.478000164031982	3.5848186016082764
11.46399998664856	0.5280156135559082
13.249000072479248	2.3130786418914795
13.480000019073486	2.545529365539551
13.54800009727478	2.612093925476074
13.59600019454956	2.660092353820801
13.647000074386597	2.7108380794525146
14.210999965667725	3.2737045288085938
14.264000177383423	3.3288254737854004
15.153000116348267	0.23425507545471191
17.10800004005432	2.187561511993408
17.205000162124634	2.2852864265441895
17.272000074386597	2.3517560958862305
17.36300015449524	2.441997766494751
17.433000087738037	2.510439395904541
17.53500008583069	2.615079164505005
17.627000093460083	2.707641839981079
19.407000064849854	0.46088624000549316
19.699000120162964	0.7528493404388428
19.854000091552734	0.9082920551300049
19.927000045776367	0.9809021949768066
20.70900011062622	1.7673630714416504
20.748000144958496	1.8028430938720703
20.88700008392334	1.940929889678955
21.055999994277954	2.1096582412719727
23.271000146865845	0.33464694023132324
24.608999967575073	1.6725306510925293
24.772000074386597	1.8356146812438965
25.134000062942505	2.197556495666504
25.206000089645386	2.269876480102539
25.24400019645691	2.3124077320098877
25.295000076293945	2.3586630821228027
25.33300018310547	2.3964452743530273
27.17799997329712	0.26430726051330566
29.354000091552734	2.4368228912353516
29.42200016975403	2.503037691116333
29.534000158309937	2.608668088912964
29.591000080108643	2.674659013748169
29.85800004005432	2.9406685829162598
29.909000158309937	2.991792917251587
29.948000192642212	3.021510362625122
31.22699999809265	0.27933382987976074
33.08300018310547	2.1394920349121094
33.730000019073486	2.7822821140289307
33.825000047683716	2.878215789794922
33.86500000953674	2.9181370735168457
33.973000049591064	3.0262157917022705
34.02999997138977	3.0831613540649414
34.09000015258789	3.1431210041046143
35.20800018310547	0.27079343795776367
37.50800013542175	2.568190097808838
37.592000007629395	2.652479648590088
37.65499997138977	2.7200796604156494
37.74300003051758	2.8058149814605713
37.91300010681152	2.983858823776245
37.96500015258789	3.0300536155700684
38.11300015449524	3.178109645843506
39.289000034332275	0.351348876953125
41.64800000190735	2.7110087871551514
41.71399998664856	2.77791166305542
41.85000014305115	2.9120168685913086
41.944000005722046	3.006089925765991
41.99500012397766	3.0569891929626465
42.03800010681152	3.100773572921753
42.10600018501282	3.1680901050567627
43.23300004005432	0.3143303394317627
45.611000061035156	2.6922054290771484
45.687000036239624	2.768588066101074
45.771000146865845	2.8531103134155273
45.85600018501282	2.9372386932373047
45.91000008583069	2.9910309314727783
45.9539999961853	3.035287380218506
45.992000102996826	3.0733304023742676
47.200000047683716	0.25605082511901855
49.42500019073486	2.483888864517212
49.519999980926514	2.5792739391326904
49.63199996948242	2.691136598587036
49.729000091552734	2.784799098968506
49.87700009346008	2.938603639602661
49.998000144958496	3.056889057159424
50.045000076293945	3.104452610015869
51.22800016403198	0.2836127281188965
53.146000146865845	2.200650215148926
53.253000020980835	2.3076260089874268
53.84000015258789	2.8946614265441895
53.960999965667725	3.015875816345215
54.00100016593933	3.0556797981262207
54.05200004577637	3.107813596725464
54.098000049591064	3.1560444831848145
55.19500017166138	0.2368772029876709
57.06599998474121	2.106887102127075
57.140000104904175	2.175598621368408
57.212000131607056	2.259570360183716
57.33899998664856	2.3868846893310547
57.401000022888184	2.4374470710754395
57.46600008010864	2.5128722190856934
57.61900019645691	2.65431809425354
59.164000034332275	0.24337315559387207
61.27400016784668	2.3588263988494873
61.53800010681152	2.618173360824585
61.62400007247925	2.70457124710083
61.7039999961853	2.7854621410369873
61.75200009346008	2.8346099853515625
61.795000076293945	2.874157667160034
61.84400010108948	2.9236345291137695
63.27500009536743	0.36333465576171875
65.22900009155273	2.3168232440948486
65.37800002098083	2.4669699668884277
65.49500012397766	2.583216428756714
65.56200003623962	2.649646520614624
65.67300009727478	2.7611162662506104
65.73200011253357	2.8226804733276367
65.76900005340576	2.8573334217071533
67.27800011634827	0.3684055805206299
69.1930000782013	2.2811920642852783
69.32200002670288	2.411346435546875
69.44600009918213	2.535473346710205
69.60600018501282	2.6940815448760986
69.70099997520447	2.791494131088257
69.75999999046326	2.8525450229644775
69.80000019073486	2.8890111446380615
71.19200015068054	0.2528703212738037
73.6800000667572	2.740769624710083
73.77100014686584	2.8316636085510254
73.84700012207031	2.9076988697052
74.0329999923706	3.0939080715179443
74.13000011444092	3.192009449005127
74.20700001716614	3.268965482711792
74.26400017738342	3.324766159057617
75.36600017547607	0.4229731559753418
77.36900019645691	2.4241459369659424
77.4430000782013	2.498034954071045
77.51200008392334	2.57192063331604
77.58100008964539	2.6401517391204834
77.89499998092651	2.953604221343994
77.94500017166138	3.0079870223999023
78.00999999046326	3.0696918964385986
79.29500007629395	0.3554420471191406
80.75699996948242	1.8182365894317627
81.46900010108948	2.529968738555908
81.52400016784668	2.5842649936676025
81.5789999961853	2.640420913696289
81.62800002098083	2.6881654262542725
81.72300004959106	2.7832484245300293
81.80400013923645	2.8645646572113037
83.35400009155273	0.4212827682495117
84.94400000572205	2.0108487606048584
85.55000019073486	2.617535352706909
85.6010000705719	2.6670942306518555
85.64200019836426	2.7092247009277344
85.69400000572205	2.762023448944092
85.74400019645691	2.8103508949279785
85.8180000782013	2.8860249519348145
87.1470000743866	0.20351338386535645
89.40499997138977	2.4615464210510254
89.56299996376038	2.6194820404052734
89.6579999923706	2.7144691944122314
89.72500014305115	2.781951665878296
89.77100014686584	2.828157424926758
89.8270001411438	2.884403944015503
89.88499999046326	2.942667007446289
91.17700004577637	0.23152422904968262
93.58800005912781	2.6388776302337646
93.65700006484985	2.7088427543640137
93.77400016784668	2.8258135318756104
93.83300018310547	2.884998321533203
93.93300008773804	2.984696865081787
94.04900002479553	3.1000020503997803
94.09400010108948	3.150847911834717
95.3050000667572	0.3593425750732422
97.13600015640259	2.18912410736084
97.31200003623962	2.3655200004577637
97.39900016784668	2.452072858810425
97.43799996376038	2.4911561012268066
97.47500014305115	2.528261184692383
97.51700019836426	2.570171594619751
97.5550000667572	2.6115710735321045
99.23699998855591	0.30816125869750977
101.41200017929077	2.4826295375823975
101.51500010490417	2.5850794315338135
101.57800006866455	2.64837384223938
101.64000010490417	2.7105600833892822
101.78600001335144	2.856390953063965
101.83400011062622	2.9069464206695557
101.92600011825562	2.9963088035583496
103.13700008392334	0.19762396812438965
105.0440001487732	2.1086642742156982
105.17000007629395	2.2294764518737793
105.34600019454956	2.407766342163086
105.7260000705719	2.7877285480499268
105.80800008773804	2.8695363998413086
105.85400009155273	2.9166171550750732
105.90200018882751	2.964378595352173
107.26600003242493	0.3537769317626953
109.42900013923645	2.5164780616760254
109.52700018882751	2.61452054977417
109.68200016021729	2.7695205211639404
109.77800011634827	2.865642786026001
109.83000016212463	2.9182727336883545
109.88600015640259	2.9741315841674805
109.96000003814697	3.0476129055023193
111.18200016021729	0.26796579360961914
113.09899997711182	2.1880362033843994
113.18500018119812	2.2697553634643555
113.25200009346008	2.3354434967041016
113.30100011825562	2.389880895614624
113.35000014305115	2.4366226196289062
113.39800000190735	2.4836082458496094
113.44400000572205	2.5317516326904297
115.25999999046326	0.32557034492492676
117.56900000572205	2.6349644660949707
117.67700004577637	2.7413370609283447
117.75300002098083	2.8141608238220215
117.82000017166138	2.8843958377838135
117.8840000629425	2.9461309909820557
117.95099997520447	3.015496015548706
118.02800011634827	3.0902457237243652
119.25699996948242	0.32346296310424805
121.53999996185303	2.606290340423584
121.7170000076294	2.783275604248047
121.77400016784668	2.8413219451904297
121.82400012016296	2.890254020690918
121.88600015640259	2.9534599781036377
121.9539999961853	3.0203709602355957
122.01100015640259	3.077463150024414
123.24900007247925	0.3170504570007324
125.0640001296997	2.1310415267944336
125.13000011444092	2.197228193283081
125.21200013160706	2.278974771499634
125.27800011634827	2.3483145236968994
125.34300017356873	2.4102275371551514
125.4060001373291	2.4755561351776123
125.4980001449585	2.564997434616089
127.20300006866455	0.25777387619018555
129.72300004959106	2.7775535583496094
129.79500007629395	2.849125623703003
129.9300000667572	2.984006643295288
129.99000000953674	3.044079542160034
130.0640001296997	3.117762565612793
130.14900016784668	3.2059268951416016
130.20900011062622	3.264172315597534
131.22300004959106	0.3068716526031494
132.9100000858307	1.9932689666748047
133.06000018119812	2.1434109210968018
133.1360001564026	2.219269037246704
133.61300015449524	2.6963367462158203
133.67400002479553	2.7583587169647217
133.7480001449585	2.8315422534942627
133.80400013923645	2.887676477432251
135.40400004386902	0.4634277820587158
136.77100014686584	1.818709373474121
136.8970000743866	1.9417359828948975
136.96900010108948	2.0114529132843018
137.2170000076294	2.259580612182617
137.3710000514984	2.428154468536377
137.4430000782013	2.5001344680786133
137.5	2.540945053100586
139.33400011062622	0.399524450302124
140.75100016593933	1.817573070526123
140.81900000572205	1.8843672275543213
140.9170000553131	1.9837181568145752
141.25300002098083	2.3183882236480713
141.44400000572205	2.5105226039886475
141.4850001335144	2.5509731769561768
141.52300000190735	2.5885586738586426
143.34300017356873	0.40587425231933594
144.52500009536743	1.5801455974578857
145.08200001716614	2.144840717315674
145.1980001926422	2.2628695964813232
145.25400018692017	2.3098368644714355
145.30100011825562	2.3566250801086426
145.56200003623962	2.6261937618255615
145.63000011444092	2.6871182918548584
147.15000009536743	0.21189570426940918
149.64200019836426	2.705223321914673
149.72500014305115	2.7859575748443604
149.8880000114441	2.9501538276672363
150.05800008773804	3.119419813156128
150.10300016403198	3.1667392253875732
150.15300011634827	3.2144041061401367
150.1930000782013	3.255009889602661
151.1449999809265	0.19291162490844727
153.5	2.548802137374878
153.63199996948242	2.681288719177246
153.69000005722046	2.739021062850952
153.82100009918213	2.87056827545166
153.88199996948242	2.931288719177246
153.9480001926422	2.9959022998809814
154.01600003242493	3.0648679733276367
155.1840000152588	0.24247121810913086
156.96200013160706	2.0202670097351074
157.5590000152588	2.6178841590881348
157.67799997329712	2.7365455627441406
157.7220001220703	2.7810440063476562
157.76200008392334	2.8204185962677
157.8050000667572	2.8630728721618652
157.8470001220703	2.905095100402832
159.18099999427795	0.2589530944824219
160.98600006103516	2.0631091594696045
161.1579999923706	2.235245943069458
161.23600006103516	2.31298828125
161.35400009155273	2.4311468601226807
161.41300010681152	2.4900014400482178
161.45099997520447	2.5280251502990723
161.48800015449524	2.566026210784912
163.19500017166138	0.2503032684326172
164.9520001411438	2.00711989402771
165.0730001926422	2.1285126209259033
165.15200018882751	2.202582597732544
165.27900004386902	2.334645986557007
165.42900013923645	2.4844391345977783
165.49300003051758	2.5469753742218018
165.53700017929077	2.5923385620117188
167.36300015449524	0.47060132026672363
167.69500017166138	0.8056724071502686
167.8090000152588	0.9322583675384521
167.95500016212463	1.0755431652069092
168.53200006484985	1.6444060802459717
168.94200015068054	2.0629775524139404
169.05200004577637	2.168801784515381
169.10899996757507	2.2147295475006104
171.2810001373291	0.3394968509674072
173.17500019073486	2.23427152633667
173.2940001487732	2.3547298908233643
173.39800000190735	2.455091953277588
173.52500009536743	2.583366870880127
173.58000016212463	2.6396336555480957
173.625	2.682091236114502
173.66799998283386	2.7252001762390137
175.19600009918213	0.2592318058013916
177.2480001449585	2.3145763874053955
177.46000003814697	2.5236477851867676
177.5550000667572	2.618542432785034
177.64400005340576	2.7075414657592773
177.71399998664856	2.777998685836792
177.78800010681152	2.851285696029663
177.91499996185303	2.9782443046569824
179.1600000858307	0.2210712432861328
181.10400009155273	2.165858507156372
181.26900005340576	2.3301451206207275
181.3380000591278	2.3995444774627686
181.42700004577637	2.488948345184326
181.49200010299683	2.5529987812042236
181.60300016403198	2.666428327560425
181.76400017738342	2.8250732421875
183.27700018882751	0.3259603977203369
185.88100004196167	2.930424928665161
186.1340000629425	3.182847023010254
186.17300009727478	3.2221710681915283
186.21099996566772	3.259751558303833
186.24900007247925	3.2988691329956055
186.28700017929077	3.3372554779052734
186.3470001220703	3.3959405422210693
187.15200018882751	0.21986937522888184
189.1690001487732	2.2364840507507324
189.2480001449585	2.317382335662842
189.3159999847412	2.385305643081665
189.40100002288818	2.46878719329834
189.46099996566772	2.5273523330688477
189.52600002288818	2.5930850505828857
189.70600008964539	2.773665428161621
191.22399997711182	0.2704906463623047
191.3619999885559	0.4105215072631836
191.45300006866455	0.5025312900543213
191.5460000038147	0.5970051288604736
191.63900017738342	0.6878142356872559
192.3270001411438	1.3824267387390137
193.0130000114441	2.0601956844329834
193.08000016212463	2.13442063331604
195.17799997329712	0.24767470359802246
195.79800009727478	0.868941068649292
196.40900015830994	1.4787185192108154
196.5220000743866	1.5915770530700684
196.5640001296997	1.632789134979248
196.6690001487732	1.7387981414794922
196.85800004005432	1.9271032810211182
197.00500011444092	2.07600736618042
199.16200017929077	0.2370741367340088
200.25699996948242	1.3307609558105469
200.92000007629395	1.9948909282684326
201.4390001296997	2.5130114555358887
201.48600006103516	2.561129093170166
201.53600001335144	2.6120223999023438
201.57400012016296	2.6495509147644043
201.61300015449524	2.6869070529937744
203.28200006484985	0.3405461311340332
203.69900012016296	0.7610299587249756
203.9409999847412	1.0000066757202148
204.08000016212463	1.1400549411773682
204.21600008010864	1.2783901691436768
204.27700018882751	1.3371171951293945
204.37400007247925	1.4359347820281982
204.6579999923706	1.7200298309326172
207.27300000190735	0.32170653343200684
207.8050000667572	0.8525996208190918
207.96399998664856	1.0172677040100098
208.05200004577637	1.101848840713501
208.15400004386902	1.2039172649383545
208.23399996757507	1.2849996089935303
208.29299998283386	1.3373878002166748
208.35300016403198	1.399616003036499
211.20500016212463	0.2675044536590576
213.25100016593933	2.3125863075256348
213.72500014305115	2.787534236907959
213.80299997329712	2.8655858039855957
213.89800000190735	2.9616446495056152
213.96000003814697	3.0227763652801514
214.02600002288818	3.088937759399414
214.08100008964539	3.144834041595459
215.14200019836426	0.22096848487854004
217.3730001449585	2.4496548175811768
217.44400000572205	2.5215697288513184
217.53400015830994	2.6128108501434326
217.66499996185303	2.739386796951294
217.739000082016	2.814359426498413
217.79900002479553	2.8847901821136475
217.85800004005432	2.942507743835449
219.18300008773804	0.24501681327819824
221.65499997138977	2.716822624206543
221.74100017547607	2.8031458854675293
221.893000125885	2.9552841186523438
221.9670000076294	3.0290067195892334
222.00600004196167	3.067944288253784
222.0440001487732	3.1060192584991455
222.09600019454956	3.158017635345459
223.33700013160706	0.40314435958862305
225.12600016593933	2.1922998428344727
225.27100014686584	2.3381998538970947
225.4980001449585	2.5672500133514404
225.54900002479553	2.6165683269500732
225.5920000076294	2.6583292484283447
225.6380000114441	2.7042198181152344
225.72900009155273	2.7954115867614746
227.28400015830994	0.3404231071472168
229.22699999809265	2.2840237617492676
229.49000000953674	2.543630361557007
229.5420000553131	2.599607467651367
229.6119999885559	2.6686887741088867
229.69000005722046	2.7482011318206787
229.75300002098083	2.810375452041626
229.8180000782013	2.87443208694458
231.26600003242493	0.30806541442871094
232.73600006103516	1.7831110954284668
232.82100009918213	1.8623552322387695
232.89800000190735	1.9490978717803955
233.27100014686584	2.3201189041137695
233.39400005340576	2.446620225906372
233.4430000782013	2.4852287769317627
233.51500010490417	2.565812110900879
235.3289999961853	0.37340211868286133
235.86700010299683	0.911893367767334
236.10800004005432	1.1520943641662598
236.2150001525879	1.2588787078857422
236.30000019073486	1.342078447341919
237.81500005722046	2.863386631011963
237.90900015830994	2.9534413814544678
237.96099996566772	3.0018320083618164
239.3050000667572	0.37054872512817383
239.8730001449585	0.9393248558044434
240.18300008773804	1.2492597103118896
241.02100014686584	2.087448835372925
241.23300004005432	2.2985777854919434
241.58000016212463	2.645709753036499
241.643000125885	2.7085866928100586
241.68500018119812	2.751469135284424
243.42400002479553	0.4757699966430664
245.16100001335144	2.2129316329956055
245.33100008964539	2.374472141265869
245.7130000591278	2.7626307010650635
245.79700016975403	2.844376564025879
245.9079999923706	2.953042507171631
245.95700001716614	3.0075278282165527
245.99500012397766	3.0449719429016113
247.42400002479553	0.48325490951538086
249.64600014686584	2.7055323123931885
249.7610001564026	2.8202590942382812
249.83300018310547	2.892047643661499
249.87199997901917	2.9313406944274902
249.93500018119812	2.9941208362579346
249.98800015449524	3.0474514961242676
250.0789999961853	3.140050172805786
251.43200016021729	0.4663238525390625
254.1560001373291	3.1978278160095215
254.2720000743866	3.3188743591308594
254.42000007629395	3.459308385848999
254.5329999923706	3.569777011871338
254.65100002288818	3.6945650577545166
254.7170000076294	3.7570748329162598
254.79700016975403	3.836700439453125
255.15499997138977	0.2058267593383789
257.34100008010864	2.3934569358825684
257.4320001602173	2.4844510555267334
257.50300002098083	2.5552003383636475
257.6690001487732	2.7217564582824707
257.74900007247925	2.801868438720703
257.8159999847412	2.869070291519165
257.9539999961853	3.007336139678955
259.3550000190735	0.4130263328552246
261.31700015068054	2.3757874965667725
262.1449999809265	3.2049412727355957
262.20300006866455	3.2611782550811768
262.3029999732971	3.3611409664154053
262.38499999046326	3.44338321685791
262.4470000267029	3.505591869354248
262.529000043869	3.58784818649292
263.12800002098083	0.18339776992797852
265.50800013542175	2.559774160385132
265.60400009155273	2.655841112136841
265.65000009536743	2.7055795192718506
265.72300004959106	2.7754673957824707
265.7740001678467	2.8276169300079346
265.81500005722046	2.8700942993164062
265.853000164032	2.9087307453155518
267.2740001678467	0.33093905448913574
269.4409999847412	2.5034005641937256
269.52999997138977	2.5875823497772217
269.5880000591278	2.64463472366333
269.80200004577637	2.8619797229766846
269.85700011253357	2.9163923263549805
269.9020001888275	2.96356463432312
269.94900012016296	3.0090909004211426
271.154000043869	0.21148991584777832
273.04500007629395	2.1027169227600098
273.2590000629425	2.314615488052368
273.3690001964569	2.4257724285125732
273.4130001068115	2.469697952270508
273.46600008010864	2.5234806537628174
273.50600004196167	2.562330961227417
273.55400013923645	2.609927177429199
275.20099997520447	0.2512524127960205
275.6410000324249	0.6931729316711426
277.5730001926422	2.623100519180298
277.6170001029968	2.667283773422241
277.6560001373291	2.705902099609375
277.69900012016296	2.7488646507263184
277.75800013542175	2.808574676513672
277.8129999637604	2.863011598587036
279.2090001106262	0.2698686122894287
280.20500016212463	1.265660047531128
280.9590001106262	2.0134284496307373
281.039999961853	2.090496301651001
281.09600019454956	2.1569769382476807
281.1410000324249	2.203444719314575
281.353000164032	2.413020372390747
281.42500019073486	2.47495174407959
283.17900013923645	0.24042081832885742
285.21399998664856	2.27520751953125
285.3120000362396	2.37465763092041
285.4940001964569	2.5561041831970215
285.5770001411438	2.6384730339050293
285.6449999809265	2.7060046195983887
285.6980001926422	2.7599542140960693
285.74900007247925	2.810478925704956
287.18099999427795	0.23853588104248047
287.6560001373291	0.7132911682128906
288.3029999732971	1.36216402053833
288.35199999809265	1.4093780517578125
288.547000169754	1.6049878597259521
288.63700008392334	1.6926913261413574
288.67700004577637	1.7334065437316895
288.71600008010864	1.7708384990692139
291.14400005340576	0.19495296478271484
293.22000002861023	2.2700412273406982
293.3200001716614	2.3664114475250244
293.44600009918213	2.4957077503204346
293.5130000114441	2.5621819496154785
293.55599999427795	2.60465669631958
293.6050000190735	2.6536953449249268
293.6670000553131	2.7064640522003174
295.289999961853	0.3417212963104248
297.32599997520447	2.3777315616607666
297.45300006866455	2.504657506942749
297.50100016593933	2.5536410808563232
297.6180000305176	2.6660258769989014
297.6579999923706	2.7118289470672607
297.70099997520447	2.7525579929351807
297.7520000934601	2.801206111907959
299.1820001602173	0.23819971084594727
300.9910001754761	2.04837703704834
301.11100006103516	2.167693853378296
301.23600006103516	2.29267954826355
301.3100001811981	2.3673770427703857
301.38100004196167	2.4386253356933594
301.5900001525879	2.6461267471313477
301.63700008392334	2.693477153778076
303.36300015449524	0.42941737174987793
304.6820001602173	1.7486541271209717
304.739000082016	1.8061752319335938
304.8430001735687	1.9096074104309082
305.4810001850128	2.5474965572357178
305.5700001716614	2.640017032623291
305.6270000934601	2.6935997009277344
305.67000007629395	2.7361152172088623
307.11100006103516	0.17539620399475098
307.9690001010895	1.0357043743133545
309.7829999923706	2.8478851318359375
309.9100000858307	2.974445343017578
309.95500016212463	3.0214948654174805
310.0160000324249	3.0806796550750732
310.0720000267029	3.136411428451538
310.1190001964569	3.1832690238952637
311.25100016593933	0.297008752822876
313.12900018692017	2.174333333969116
313.49000000953674	2.535963535308838
313.5550000667572	2.602146625518799
313.5930001735687	2.6391654014587402
313.6319999694824	2.677877187728882
313.6860001087189	2.7342498302459717
313.739000082016	2.783874750137329
315.32100009918213	0.3723409175872803
315.6270000934601	0.678027868270874
315.739000082016	0.7900135517120361
315.85000014305115	0.901893138885498
315.9100000858307	0.9609529972076416
315.96600008010864	1.0180857181549072
316.6010000705719	1.651968240737915
316.6490001678467	1.699857234954834
319.2890000343323	0.35341620445251465
320.9830000400543	2.0479519367218018
321.42000007629395	2.484191417694092
321.5859999656677	2.6498212814331055
321.69600009918213	2.7596254348754883
321.7480001449585	2.8116254806518555
321.82100009918213	2.8845632076263428
321.87900018692017	2.942523241043091
323.2410001754761	0.30672574043273926
325.2660000324249	2.3397181034088135
325.3470001220703	2.418654680252075
325.4060001373291	2.472982883453369
325.4940001964569	2.5665833950042725
325.65000009536743	2.722653865814209
325.6909999847412	2.763636589050293
325.7350001335144	2.805110454559326
327.1510000228882	0.21413540840148926
327.87400007247925	0.9367763996124268
327.97100019454956	1.0361382961273193
328.92000007629395	1.9828760623931885
329.26200008392334	2.32527756690979
329.4760000705719	2.5389764308929443
329.53400015830994	2.597395420074463
329.5810000896454	2.6431400775909424
331.21200013160706	0.263669490814209
331.6560001373291	0.7072880268096924
332.8990001678467	1.9505665302276611
333.0160000324249	2.0674068927764893
333.14600014686584	2.1972882747650146
333.1860001087189	2.2394015789031982
333.22699999809265	2.27872896194458
333.2650001049042	2.318605422973633
335.1930000782013	0.2463245391845703
335.8710000514984	0.9201054573059082
335.98800015449524	1.0330328941345215
336.5720000267029	1.6231513023376465
336.60700011253357	1.6596736907958984
336.6390001773834	1.6838982105255127
336.6890001296997	1.7298672199249268
336.7440001964569	1.7907218933105469
339.27800011634827	0.3375980854034424
340.5020000934601	1.5614442825317383
340.66100001335144	1.719836711883545
340.79900002479553	1.8586721420288086
340.9020001888275	1.960968017578125
340.94600009918213	2.0053768157958984
340.99500012397766	2.0556843280792236
341.24900007247925	2.3077924251556396
343.2650001049042	0.314037561416626
344.75800013542175	1.8072164058685303
344.9010000228882	1.9500954151153564
344.9760000705719	2.025728940963745
345.0529999732971	2.102299690246582
345.12600016593933	2.1760175228118896
345.58700013160706	2.6359989643096924
345.6860001087189	2.737393856048584
347.1340000629425	0.2185521125793457
349.1510000228882	2.226304531097412
349.2880001068115	2.3702738285064697
349.4230000972748	2.502572774887085
349.5390000343323	2.614029884338379
349.5770001411438	2.654265880584717
349.61500000953674	2.6927993297576904
349.6600000858307	2.74186110496521
351.20800018310547	0.3468191623687744
353.29100012779236	2.4268956184387207
353.404000043869	2.5387988090515137
353.478000164032	2.6116459369659424
353.922000169754	3.0566823482513428
353.97500014305115	3.1108908653259277
354.0110001564026	3.1475579738616943
354.0480000972748	3.184115409851074
355.1470000743866	0.5288000106811523
356.65499997138977	2.0134761333465576
356.77800011634827	2.145826816558838
356.87900018692017	2.268995761871338
356.96399998664856	2.3236427307128906
357.0160000324249	2.370948553085327
357.0550000667572	2.411123752593994
357.0930001735687	2.450300931930542
