0.0	1.2078955173492432
3.5339999198913574	4.740010023117065
5.509000062942505	6.734143972396851
5.636999845504761	6.843750238418579
5.86299991607666	7.06943941116333
5.911999940872192	7.119918346405029
6.3429999351501465	7.550072193145752
6.448999881744385	7.6558122634887695
6.49399995803833	4.056610107421875
6.5329999923706055	4.095607280731201
6.886999845504761	4.450663089752197
6.984999895095825	4.547278642654419
7.043999910354614	4.606390714645386
7.121000051498413	4.683454751968384
7.425999879837036	4.991008281707764
7.7779998779296875	5.340574502944946
7.898999929428101	1.9222054481506348
8.010999917984009	2.037315845489502
8.101999998092651	2.1263372898101807
8.157000064849854	2.181128978729248
8.450000047683716	2.473179817199707
8.52999997138977	2.553098201751709
8.585999965667725	2.609330177307129
8.652999877929688	2.6771607398986816
11.083999872207642	1.2346374988555908
11.806999921798706	1.9567463397979736
11.961999893188477	2.1118669509887695
12.019000053405762	2.16874623298645
12.208999872207642	2.359529495239258
12.264999866485596	2.414524793624878
12.316999912261963	2.467932939529419
12.358000040054321	2.507960319519043
15.41700005531311	0.5317299365997314
20.490999937057495	5.612057209014893
21.749000072479248	6.863879442214966
22.335999965667725	7.4505884647369385
22.42799997329712	7.543946266174316
22.55999994277954	7.675710201263428
22.618000030517578	7.733937978744507
22.846999883651733	7.961076259613037
22.918999910354614	4.076065301895142
22.96399998664856	4.123392581939697
23.003000020980835	4.1611902713775635
23.049999952316284	4.208261966705322
23.10800004005432	4.26607346534729
24.47000002861023	5.629073858261108
24.545000076293945	5.70331883430481
24.615000009536743	5.7731382846832275
24.681999921798706	2.0174520015716553
24.81599998474121	2.150423288345337
25.759000062942505	3.0945427417755127
25.825000047683716	3.163811445236206
25.897000074386597	3.226891040802002
26.00600004196167	3.3338658809661865
26.050999879837036	3.3907227516174316
26.152999877929688	3.4914169311523438
27.352999925613403	0.46518850326538086
27.734999895095825	0.8420703411102295
27.85599994659424	0.9710104465484619
29.230000019073486	2.337958812713623
29.38599991798401	2.4982056617736816
29.501999855041504	2.614560127258301
29.68499994277954	2.7973337173461914
29.757999897003174	2.8706982135772705
31.3439998626709	0.7517619132995605
33.78200006484985	3.190485715866089
33.88699984550476	3.2953453063964844
33.96199989318848	3.3704214096069336
34.00699996948242	3.415092945098877
34.05799984931946	3.466578245162964
34.1029999256134	3.510481834411621
34.1470000743866	3.5555660724639893
35.28399991989136	0.4010159969329834
36.94000005722046	2.057323694229126
37.18899989128113	2.3059823513031006
37.28600001335144	2.4076812267303467
37.7039999961853	2.8223493099212646
37.769999980926514	2.888625144958496
37.82299995422363	2.9419314861297607
37.86699986457825	2.984351396560669
39.105000019073486	0.21326875686645508
39.555999994277954	0.6629488468170166
39.71000003814697	0.8189892768859863
40.907999992370605	2.0221850872039795
40.98899984359741	2.0928258895874023
41.06599998474121	2.171705722808838
41.12100005149841	2.2342443466186523
41.20799994468689	2.3147478103637695
43.14800000190735	0.2727818489074707
45.55200004577637	2.6776540279388428
45.65999984741211	2.784163475036621
46.0550000667572	3.179520845413208
46.11899995803833	3.241595506668091
46.1800000667572	3.3045146465301514
46.23199987411499	3.3537497520446777
46.28600001335144	3.4086828231811523
47.09500002861023	0.23220348358154297
49.61500000953674	2.7656044960021973
49.72699999809265	2.8690762519836426
49.80399990081787	2.947023391723633
49.90599989891052	3.049931764602661
49.9760000705719	3.1154227256774902
50.09699988365173	3.241102457046509
50.138999938964844	3.2798869609832764
51.17199993133545	0.2867927551269531
53.240999937057495	2.3562099933624268
53.38199996948242	2.497036933898926
53.501999855041504	2.6182291507720947
53.70700001716614	2.8217928409576416
53.77799987792969	2.8930726051330566
53.83699989318848	2.952497720718384
53.89999985694885	3.0145363807678223
55.323999881744385	0.4388144016265869
57.55799984931946	2.67063307762146
57.662999868392944	2.7770307064056396
57.74900007247925	2.8632216453552246
57.937999963760376	3.05031156539917
58.06500005722046	3.178750514984131
58.16100001335144	3.276440143585205
58.2189998626709	3.331662178039551
59.319000005722046	0.4393472671508789
60.6029999256134	1.72104811668396
60.71600008010864	1.8342020511627197
61.2260000705719	2.3443901538848877
61.34699988365173	2.466245174407959
61.490999937057495	2.610440254211426
61.57699990272522	2.6958682537078857
61.621999979019165	2.740360975265503
63.18400001525879	0.2974889278411865
65.57099986076355	2.687199115753174
66.1859998703003	3.303349733352661
66.2720000743866	3.386214256286621
66.32500004768372	3.4399707317352295
66.41599988937378	3.5311949253082275
66.4779999256134	3.592966318130493
66.52699995040894	3.6423134803771973
67.1949999332428	0.31464600563049316
68.63299989700317	1.753478765487671
68.86100006103516	1.980597734451294
68.92599987983704	2.045428991317749
69.03799986839294	2.158522605895996
69.07800006866455	2.1987128257751465
69.15899991989136	2.2786409854888916
69.19700002670288	2.3177149295806885
71.14400005340576	0.25176429748535156
73.3289999961853	2.4236981868743896
73.83299994468689	2.9396674633026123
73.95000004768372	3.050743818283081
74.0090000629425	3.1154420375823975
74.09899997711182	3.204098701477051
74.15999984741211	3.263511896133423
74.2039999961853	3.3103363513946533
75.13299989700317	0.23980450630187988
76.6729998588562	1.7805898189544678
76.74199986457825	1.8490958213806152
76.8109998703003	1.917804479598999
76.91899991035461	2.0255250930786133
77.20499992370605	2.314284086227417
77.26099991798401	2.367918014526367
77.3199999332428	2.4269752502441406
79.23399996757507	0.34783101081848145
81.89400005340576	3.008441209793091
82.15899991989136	3.2728309631347656
82.22000002861023	3.3337268829345703
82.25999999046326	3.3740785121917725
82.29999995231628	3.4135241508483887
82.3510000705719	3.4675416946411133
82.39499998092651	3.509338617324829
83.44199991226196	0.6176555156707764
83.89100003242493	1.065927267074585
84.09500002861023	1.270376443862915
84.23300004005432	1.4080822467803955
84.33200001716614	1.5072174072265625
84.41400003433228	1.5901567935943604
84.46099996566772	1.638645887374878
84.51699995994568	1.6925294399261475
87.30200004577637	0.422107458114624
89.85599994659424	2.976966142654419
89.91899991035461	3.0421082973480225
90.11699986457825	3.2393736839294434
90.18700003623962	3.3079609870910645
90.22899985313416	3.3502094745635986
90.2720000743866	3.391887664794922
90.30900001525879	3.429957389831543
91.15999984741211	0.3080151081085205
93.57599997520447	2.7223596572875977
93.64100003242493	2.7962987422943115
93.78699994087219	2.9435622692108154
94.03499984741211	3.1915299892425537
94.08299994468689	3.238476037979126
94.1269998550415	3.2787694931030273
94.17400002479553	3.3221793174743652
95.11100006103516	0.2413952350616455
97.05299997329712	2.186002254486084
97.13499999046326	2.265817403793335
97.25399994850159	2.3854820728302
97.35999989509583	2.4908201694488525
97.47099995613098	2.601820707321167
97.51699995994568	2.646876335144043
97.57299995422363	2.7032008171081543
99.0680000782013	0.18022727966308594
101.01999998092651	2.1351943016052246
101.20199990272522	2.314594030380249
101.26600003242493	2.3811943531036377
101.30799984931946	2.417052984237671
101.35999989509583	2.4730331897735596
101.43799996376038	2.5510332584381104
101.50300002098083	2.617424726486206
103.20000004768372	0.3224198818206787
105.2519998550415	2.3727409839630127
105.36500000953674	2.4853084087371826
105.53499984741211	2.6561434268951416
105.60999989509583	2.7302193641662598
105.69599986076355	2.816322088241577
105.85599994659424	2.9775772094726562
105.89599990844727	3.0156688690185547
107.16899991035461	0.286212682723999
109.7039999961853	2.8226001262664795
109.80999994277954	2.9286069869995117
109.93299984931946	3.0502817630767822
110.01900005340576	3.1380391120910645
110.10199999809265	3.22004771232605
110.17400002479553	3.29097318649292
110.24900007247925	3.3660335540771484
111.15100002288818	0.3719923496246338
113.04299998283386	2.263718843460083
113.13100004196167	2.3519504070281982
113.2039999961853	2.424999713897705
113.27699995040894	2.4963059425354004
113.42400002479553	2.643406867980957
113.4670000076294	2.6890203952789307
113.50300002098083	2.7251393795013428
115.19700002670288	0.313091516494751
117.3769998550415	2.493194341659546
117.50799989700317	2.6188626289367676
118.03699994087219	3.154080867767334
118.17899990081787	3.295118570327759
118.25600004196167	3.3680477142333984
118.31200003623962	3.4264211654663086
118.37800002098083	3.4940450191497803
119.1800000667572	0.27823662757873535
121.36999988555908	2.4810335636138916
121.46000003814697	2.561126232147217
121.50099992752075	2.6031832695007324
121.57099986076355	2.680842399597168
121.60899996757507	2.7099294662475586
121.66199994087219	2.7633068561553955
121.74499988555908	2.8573858737945557
123.08200001716614	0.20610713958740234
125.7039999961853	2.8250021934509277
125.80999994277954	2.93233585357666
126.15899991989136	3.280954360961914
126.20700001716614	3.3300585746765137
126.25600004196167	3.3770148754119873
126.29699993133545	3.420029878616333
126.3439998626709	3.464892864227295
127.07599997520447	0.19870328903198242
129.42499995231628	2.547661781311035
129.55799984931946	2.6817452907562256
129.77600002288818	2.898646593093872
129.8510000705719	2.973552703857422
129.91299986839294	3.0365538597106934
129.96799993515015	3.090440273284912
130.02699995040894	3.1505613327026367
131.1470000743866	0.2578001022338867
133.0349998474121	2.1455299854278564
133.87999987602234	2.99033522605896
134.0199999809265	3.130415916442871
134.09299993515015	3.20438551902771
134.1399998664856	3.2503223419189453
134.22399997711182	3.334428310394287
134.27499985694885	3.385200023651123
135.09299993515015	0.19950413703918457
137.2920000553131	2.3981828689575195
137.41499996185303	2.522274971008301
137.48300004005432	2.591242551803589
137.55599999427795	2.66231369972229
137.6399998664856	2.7464818954467773
137.72000002861023	2.8263235092163086
137.86899995803833	2.9760520458221436
139.231999874115	0.3401679992675781
142.34899997711182	3.4571690559387207
142.4869999885559	3.596996545791626
142.61500000953674	3.7241263389587402
142.7079999446869	3.813662528991699
142.7720000743866	3.8815414905548096
142.82500004768372	3.933911085128784
142.86500000953674	3.9730234146118164
143.13699984550476	0.42067813873291016
145.30599999427795	2.5894412994384766
145.41499996185303	2.6998250484466553
145.50600004196167	2.789294481277466
145.61500000953674	2.8983418941497803
145.7279999256134	3.0113203525543213
145.80799984931946	3.0918490886688232
145.8550000190735	3.137721061706543
147.1670000553131	0.27373290061950684
149.22300004959106	2.330145835876465
149.33200001716614	2.439648389816284
149.40499997138977	2.512830972671509
149.54500007629395	2.6526734828948975
149.72699999809265	2.8362011909484863
149.78999996185303	2.898325204849243
149.8329999446869	2.9407525062561035
151.09899997711182	0.21498632431030273
153.0369999408722	2.154061794281006
153.13899993896484	2.2548978328704834
153.20499992370605	2.321341037750244
153.29299998283386	2.409615993499756
153.4449999332428	2.561368703842163
153.53999996185303	2.6553351879119873
153.57800006866455	2.693349838256836
155.11800003051758	0.2652125358581543
155.55099987983704	0.6975438594818115
155.7409999370575	0.8856637477874756
156.00999999046326	1.1500253677368164
156.28099989891052	1.4294722080230713
156.3380000591278	1.480071783065796
156.8309998512268	1.9753568172454834
156.8989999294281	2.0424091815948486
159.19799995422363	0.308438777923584
161.0699999332428	2.1852848529815674
161.18899989128113	2.301126480102539
161.31200003623962	2.426218271255493
161.37199997901917	2.4853055477142334
161.43799996376038	2.549506425857544
161.6210000514984	2.7363555431365967
161.6729998588562	2.7869184017181396
163.1399998664856	0.24680137634277344
165.7389998435974	2.846055030822754
165.8710000514984	2.9774086475372314
165.94899988174438	3.055408477783203
166.02099990844727	3.1274077892303467
166.06500005722046	3.1719260215759277
166.09899997711182	3.205610990524292
166.16100001335144	3.2679316997528076
167.13299989700317	0.24728679656982422
169.38899993896484	2.5039236545562744
169.50499987602234	2.6196813583374023
169.59500002861023	2.711501359939575
169.6619999408722	2.7763073444366455
169.77999997138977	2.8945910930633545
169.84800004959106	2.962451219558716
169.88899993896484	3.0040957927703857
171.15899991989136	0.2737302780151367
173.10399985313416	2.2188007831573486
173.29299998283386	2.4070827960968018
173.45899987220764	2.5730888843536377
173.5019998550415	2.6166913509368896
173.54699993133545	2.6639761924743652
173.5899999141693	2.704371213912964
173.635999917984	2.7508037090301514
175.10899996757507	0.22633981704711914
177.28900003433228	2.4052014350891113
177.40899991989136	2.5241265296936035
177.60800004005432	2.7232072353363037
177.70099997520447	2.816483497619629
177.760999917984	2.876664638519287
177.80200004577637	2.920098304748535
177.9170000553131	3.0335452556610107
179.24399995803833	0.3706691265106201
181.78399991989136	2.9121575355529785
181.92599987983704	3.052314281463623
181.99199986457825	3.1135919094085693
182.0349998474121	3.1537957191467285
182.08200001716614	3.2100915908813477
182.12599992752075	3.252314329147339
182.17899990081787	3.2980270385742188
183.3439998626709	0.4683234691619873
183.63699984550476	0.7615644931793213
183.81500005722046	0.9390442371368408
184.84599995613098	1.9706473350524902
184.90899991989136	2.032998561859131
184.94799995422363	2.072725772857666
184.98499989509583	2.1104133129119873
185.0239999294281	2.1480438709259033
187.18299984931946	0.332874059677124
187.5239999294281	0.672814130783081
187.66899991035461	0.8171396255493164
187.7979998588562	0.9464437961578369
189.13199996948242	2.2802162170410156
189.231999874115	2.3808553218841553
189.27600002288818	2.4250545501708984
189.3180000782013	2.467054605484009
191.14999985694885	0.26735663414001465
192.80399990081787	1.9210307598114014
192.9779999256134	2.094977617263794
193.10899996757507	2.225123405456543
193.2039999961853	2.321335792541504
193.39599990844727	2.513066530227661
193.45300006866455	2.56994366645813
193.5149998664856	2.6305558681488037
195.1470000743866	0.2585759162902832
196.7720000743866	1.8856263160705566
197.13100004196167	2.243149995803833
197.2170000076294	2.32848858833313
197.28600001335144	2.397703170776367
197.3399999141693	2.451575756072998
197.38899993896484	2.5015945434570312
197.4539999961853	2.566455364227295
199.11899995803833	0.23386693000793457
200.9689998626709	2.0829803943634033
201.04099988937378	2.1547904014587402
201.20499992370605	2.319580316543579
201.26900005340576	2.3837814331054688
201.33699989318848	2.4514429569244385
201.40400004386902	2.5200600624084473
201.4800000190735	2.5961289405822754
203.1579999923706	0.26627635955810547
205.66799998283386	2.7767136096954346
205.74799990653992	2.8577566146850586
205.81699991226196	2.925170660018921
205.89800000190735	3.006514549255371
205.98099994659424	3.0891988277435303
206.10599994659424	3.2154932022094727
206.15700006484985	3.2657947540283203
207.20000004768372	0.31621456146240234
209.35199999809265	2.4676973819732666
210.2720000743866	3.3878462314605713
210.3529999256134	3.4688422679901123
210.43700003623962	3.553774118423462
210.4889998435974	3.6052045822143555
210.55799984931946	3.6735265254974365
210.6289999485016	3.745173692703247
211.09699988365173	0.4640085697174072
213.25300002098083	2.6176631450653076
213.35800004005432	2.723736524581909
213.45000004768372	2.81500506401062
213.52099990844727	2.8858628273010254
213.63899993896484	3.0040013790130615
213.760999917984	3.126971960067749
213.7960000038147	3.1619460582733154
215.11100006103516	0.4133012294769287
216.8899998664856	2.190192461013794
217.1050000190735	2.4066433906555176
217.16499996185303	2.466658353805542
217.20499992370605	2.5073039531707764
217.24699997901917	2.547532081604004
217.33399987220764	2.6338233947753906
217.3880000114441	2.6883320808410645
219.29099988937378	0.4059162139892578
221.86899995803833	2.9834389686584473
221.9649999141693	3.080005407333374
222.22300004959106	3.3375742435455322
222.3710000514984	3.48708438873291
222.4229998588562	3.537574052810669
222.47399997711182	3.589810371398926
222.57999992370605	3.6945853233337402
223.1029999256134	0.21848392486572266
224.77999997138977	1.8959650993347168
224.84899997711182	1.9657070636749268
224.9170000553131	2.032334804534912
225.5279998779297	2.6434597969055176
225.62800002098083	2.7433011531829834
225.71199989318848	2.829305648803711
225.77600002288818	2.8913145065307617
227.26199984550476	0.3731117248535156
229.5369999408722	2.6478896141052246
229.7260000705719	2.836998701095581
229.83399987220764	2.944955348968506
229.88899993896484	3.0010368824005127
229.92599987983704	3.0369768142700195
230.0019998550415	3.112004041671753
230.04299998283386	3.155189037322998
231.1599998474121	0.2715883255004883
233.15499997138977	2.266911268234253
233.2409999370575	2.3532156944274902
233.30999994277954	2.42399525642395
233.4079999923706	2.520305871963501
233.50600004196167	2.619050979614258
233.5880000591278	2.7007360458374023
233.7539999485016	2.865858793258667
235.11999988555908	0.22170734405517578
237.21099996566772	2.3138980865478516
237.5829999446869	2.678178548812866
237.64400005340576	2.75140380859375
237.7149999141693	2.823050022125244
237.7649998664856	2.862020492553711
237.82200002670288	2.929203748703003
237.87400007247925	2.9822232723236084
239.12299990653992	0.24878811836242676
241.39800000190735	2.5245304107666016
241.60999989509583	2.735203504562378
241.7720000743866	2.898085355758667
241.89999985694885	3.0250163078308105
242.0369999408722	3.162740707397461
242.11899995803833	3.243708372116089
242.16499996185303	3.2892141342163086
243.24799990653992	0.35388994216918945
245.41299986839294	2.5188076496124268
245.57699990272522	2.683206796646118
245.64299988746643	2.7511746883392334
245.71199989318848	2.8182106018066406
245.7869999408722	2.8931922912597656
245.89400005340576	3.001774787902832
245.9630000591278	3.0689537525177
247.14199995994568	0.2584400177001953
248.48499989509583	1.5999205112457275
248.57599997520447	1.690800666809082
248.65899991989136	1.7739205360412598
248.79099988937378	1.906376600265503
248.875	1.9895730018615723
248.93299984931946	2.0478153228759766
248.9800000190735	2.09676456451416
251.0920000076294	0.21162819862365723
252.6670000553131	1.778892993927002
253.41899991035461	2.534087896347046
253.53999996185303	2.6524658203125
253.60599994659424	2.719548225402832
253.67899990081787	2.8006703853607178
253.74699997901917	2.8676397800445557
253.8069999217987	2.924323320388794
255.08399987220764	0.19372868537902832
257.6340000629425	2.7452473640441895
257.7149999141693	2.826247215270996
257.7909998893738	2.901806592941284
258.02099990844727	3.1333470344543457
258.164999961853	3.274268627166748
258.1989998817444	3.310051679611206
258.24000000953674	3.350806713104248
259.12400007247925	0.30570197105407715
261.5639998912811	2.745696783065796
261.6529998779297	2.83664608001709
261.87599992752075	3.0576934814453125
261.9579999446869	3.1397757530212402
262.00300002098083	3.1845569610595703
262.0590000152588	3.2428717613220215
262.1119999885559	3.29494309425354
263.13499999046326	0.2822728157043457
265.34999990463257	2.497931480407715
265.44000005722046	2.58636736869812
265.5609998703003	2.7091522216796875
265.8970000743866	3.046069622039795
266.0859999656677	3.2340216636657715
266.19400000572205	3.341827869415283
266.25300002098083	3.4000942707061768
267.1050000190735	0.21394729614257812
268.32299995422363	1.431436538696289
268.39599990844727	1.5047173500061035
268.4470000267029	1.5556728839874268
268.5349998474121	1.6435987949371338
268.5750000476837	1.6843469142913818
268.8899998664856	1.9996662139892578
268.9409999847412	2.0497169494628906
271.15499997138977	0.2620425224304199
272.7369999885559	1.8484697341918945
272.86899995803833	1.9804191589355469
272.9140000343323	2.025789260864258
272.98099994659424	2.0930025577545166
273.02099990844727	2.1291275024414062
273.06500005722046	2.176941394805908
273.1010000705719	2.2101967334747314
275.1089999675751	0.2239525318145752
277.63499999046326	2.7453365325927734
277.7869999408722	2.902818441390991
277.8510000705719	2.965059518814087
277.9170000553131	3.031848192214966
278.039999961853	3.1576247215270996
278.0920000076294	3.209549903869629
278.1419999599457	3.2560908794403076
279.14999985694885	0.2561497688293457
280.90499997138977	2.012218952178955
281.7300000190735	2.8360846042633057
281.7920000553131	2.898155927658081
281.8710000514984	2.9779913425445557
281.91299986839294	3.020070791244507
281.9500000476837	3.058138608932495
281.98799991607666	3.09430193901062
283.22899985313416	0.34354066848754883
284.42700004577637	1.5412061214447021
284.5199999809265	1.6365165710449219
284.6010000705719	1.7144503593444824
284.7279999256134	1.8424811363220215
285.04699993133545	2.1608293056488037
285.18499994277954	2.299415349960327
285.2300000190735	2.3448967933654785
287.15700006484985	0.2727627754211426
289.1579999923706	2.272479772567749
289.9140000343323	3.0287206172943115
289.981999874115	3.0913236141204834
290.0279998779297	3.1422204971313477
290.0750000476837	3.188357353210449
290.1159999370575	3.230888605117798
290.1659998893738	3.281224250793457
291.3439998626709	0.46466779708862305
293.5239999294281	2.6452009677886963
293.6800000667572	2.801431179046631
293.7579998970032	2.8785274028778076
293.8380000591278	2.9580469131469727
293.92199993133545	3.0410425662994385
294.029000043869	3.149156332015991
294.29900002479553	3.4196531772613525
295.1840000152588	0.29639101028442383
297.6010000705719	2.714510202407837
297.6889998912811	2.802640438079834
298.0859999656677	3.199742078781128
298.17599987983704	3.2904536724090576
298.25099992752075	3.362865447998047
298.3050000667572	3.4182140827178955
298.39400005340576	3.508568525314331
299.0680000782013	0.17009472846984863
300.8639998435974	1.9652347564697266
301.02499985694885	2.123673439025879
301.2079999446869	2.316072463989258
301.25	2.35847544670105
301.31500005722046	2.4147324562072754
301.36899995803833	2.4696738719940186
301.42400002479553	2.5208351612091064
303.1879999637604	0.3027679920196533
305.1139998435974	2.2282052040100098
305.1870000362396	2.3011279106140137
305.25600004196167	2.370070219039917
305.37999987602234	2.494499683380127
305.460000038147	2.5740203857421875
305.77099990844727	2.8849401473999023
305.81900000572205	2.932816982269287
307.11500000953674	0.2280285358428955
309.63899993896484	2.7513251304626465
309.70700001716614	2.8197097778320312
310.135999917984	3.249786138534546
310.2039999961853	3.3168766498565674
310.2890000343323	3.4022328853607178
310.3729999065399	3.4853627681732178
310.42199993133545	3.5344858169555664
311.0869998931885	0.29999852180480957
311.8699998855591	1.0827507972717285
312.36299991607666	1.5761289596557617
312.43099999427795	1.6444859504699707
312.47499990463257	1.688347339630127
312.51799988746643	1.7318248748779297
312.5629999637604	1.77610182762146
312.6089999675751	1.8223474025726318
315.106999874115	0.23056340217590332
317.0620000362396	2.1853713989257812
317.2829999923706	2.4065165519714355
317.40899991989136	2.5349459648132324
317.4539999961853	2.5774073600769043
317.4960000514984	2.6185412406921387
317.5369999408722	2.6602349281311035
317.57800006866455	2.7001333236694336
319.22899985313416	0.3382267951965332
320.9189999103546	2.0299794673919678
321.345999956131	2.4546101093292236
321.4379999637604	2.5477378368377686
321.48600006103516	2.5956928730010986
321.529000043869	2.6389000415802
321.5720000267029	2.68361759185791
321.61699986457825	2.7266926765441895
323.1159999370575	0.22688865661621094
325.25600004196167	2.3679921627044678
325.3639998435974	2.4762792587280273
325.4630000591278	2.5747079849243164
325.56500005722046	2.6756529808044434
325.6289999485016	2.7394890785217285
325.731999874115	2.842482566833496
325.8069999217987	2.9181151390075684
327.0989999771118	0.2586965560913086
329.42599987983704	2.585420846939087
329.53799986839294	2.6998839378356934
329.67199993133545	2.832207679748535
329.856999874115	3.017723798751831
329.9500000476837	3.114042043685913
330.0	3.1627840995788574
330.07599997520447	3.239621639251709
331.2019999027252	0.3078022003173828
333.42599987983704	2.532705545425415
333.50600004196167	2.6142072677612305
333.64400005340576	2.748976230621338
333.74699997901917	2.852998733520508
333.856999874115	2.9641501903533936
333.95700001716614	3.0637307167053223
334.1210000514984	3.2278850078582764
386.1449999809265	53.566073417663574
388.2760000228882	55.724711179733276
388.3639998435974	55.782904624938965
388.4359998703003	55.851576805114746
388.50099992752075	55.935288429260254
388.5590000152588	55.99003267288208
388.60399985313416	56.020694971084595
388.654000043869	56.07617712020874
506.2119998931885	173.6341769695282
509.87999987602234	177.29669499397278
509.9830000400543	177.40190482139587
510.0460000038147	177.46707344055176
510.15199995040894	177.58303260803223
510.2130000591278	177.6617112159729
510.3199999332428	177.73557686805725
510.460000038147	177.89428853988647
626.1129999160767	293.56171107292175
628.9029998779297	296.32407331466675
629.2019999027252	296.6209046840668
629.2909998893738	296.72203254699707
629.3810000419617	296.8152885437012
629.4579999446869	296.87357687950134
629.5220000743866	296.93869519233704
629.5880000591278	297.01017713546753
