0.0
4.422000169754028
4.738000154495239
6.046000003814697
6.0960001945495605
6.341000080108643
6.371000051498413
6.453000068664551
6.5320000648498535
6.647000074386597
6.707000017166138
6.756999969482422
6.828999996185303
6.880000114440918
6.946000099182129
7.009000062942505
7.575000047683716
9.942000150680542
10.09600019454956
10.17300009727478
10.254000186920166
10.327000141143799
10.434000015258789
10.478000164031982
11.46399998664856
13.249000072479248
13.480000019073486
13.54800009727478
13.59600019454956
13.647000074386597
14.210999965667725
14.264000177383423
15.153000116348267
17.10800004005432
17.205000162124634
17.272000074386597
17.36300015449524
17.433000087738037
17.53500008583069
17.627000093460083
19.407000064849854
19.699000120162964
19.854000091552734
19.927000045776367
20.70900011062622
20.748000144958496
20.88700008392334
21.055999994277954
23.271000146865845
24.608999967575073
24.772000074386597
25.134000062942505
25.206000089645386
25.24400019645691
25.295000076293945
25.33300018310547
27.17799997329712
29.354000091552734
29.42200016975403
29.534000158309937
29.591000080108643
29.85800004005432
29.909000158309937
29.948000192642212
31.22699999809265
33.08300018310547
33.730000019073486
33.825000047683716
33.86500000953674
33.973000049591064
34.02999997138977
34.09000015258789
35.20800018310547
37.50800013542175
37.592000007629395
37.65499997138977
37.74300003051758
37.91300010681152
37.96500015258789
38.11300015449524
39.289000034332275
41.64800000190735
41.71399998664856
41.85000014305115
41.944000005722046
41.99500012397766
42.03800010681152
42.10600018501282
43.23300004005432
45.611000061035156
45.687000036239624
45.771000146865845
45.85600018501282
45.91000008583069
45.9539999961853
45.992000102996826
47.200000047683716
49.42500019073486
49.519999980926514
49.63199996948242
49.729000091552734
49.87700009346008
49.998000144958496
50.045000076293945
51.22800016403198
53.146000146865845
53.253000020980835
53.84000015258789
53.960999965667725
54.00100016593933
54.05200004577637
54.098000049591064
55.19500017166138
57.06599998474121
57.140000104904175
57.212000131607056
57.33899998664856
57.401000022888184
57.46600008010864
57.61900019645691
59.164000034332275
61.27400016784668
61.53800010681152
61.62400007247925
61.7039999961853
61.75200009346008
61.795000076293945
61.84400010108948
63.27500009536743
65.22900009155273
65.37800002098083
65.49500012397766
65.56200003623962
65.67300009727478
65.73200011253357
65.76900005340576
67.27800011634827
69.1930000782013
69.32200002670288
69.44600009918213
69.60600018501282
69.70099997520447
69.75999999046326
69.80000019073486
71.19200015068054
73.6800000667572
73.77100014686584
73.84700012207031
74.0329999923706
74.13000011444092
74.20700001716614
74.26400017738342
75.36600017547607
77.36900019645691
77.4430000782013
77.51200008392334
77.58100008964539
77.89499998092651
77.94500017166138
78.00999999046326
79.29500007629395
80.75699996948242
81.46900010108948
81.52400016784668
81.5789999961853
81.62800002098083
81.72300004959106
81.80400013923645
83.35400009155273
84.94400000572205
85.55000019073486
85.6010000705719
85.64200019836426
85.69400000572205
85.74400019645691
85.8180000782013
87.1470000743866
89.40499997138977
89.56299996376038
89.6579999923706
89.72500014305115
89.77100014686584
89.8270001411438
89.88499999046326
91.17700004577637
93.58800005912781
93.65700006484985
93.77400016784668
93.83300018310547
93.93300008773804
94.04900002479553
94.09400010108948
95.3050000667572
97.13600015640259
97.31200003623962
97.39900016784668
97.43799996376038
97.47500014305115
97.51700019836426
97.5550000667572
99.23699998855591
101.41200017929077
101.51500010490417
101.57800006866455
101.64000010490417
101.78600001335144
101.83400011062622
101.92600011825562
103.13700008392334
105.0440001487732
105.17000007629395
105.34600019454956
105.7260000705719
105.80800008773804
105.85400009155273
105.90200018882751
107.26600003242493
109.42900013923645
109.52700018882751
109.68200016021729
109.77800011634827
109.83000016212463
109.88600015640259
109.96000003814697
111.18200016021729
113.09899997711182
113.18500018119812
113.25200009346008
113.30100011825562
113.35000014305115
113.39800000190735
113.44400000572205
115.25999999046326
117.56900000572205
117.67700004577637
117.75300002098083
117.82000017166138
117.8840000629425
117.95099997520447
118.02800011634827
119.25699996948242
121.53999996185303
121.7170000076294
121.77400016784668
121.82400012016296
121.88600015640259
121.9539999961853
122.01100015640259
123.24900007247925
125.0640001296997
125.13000011444092
125.21200013160706
125.27800011634827
125.34300017356873
125.4060001373291
125.4980001449585
127.20300006866455
129.72300004959106
129.79500007629395
129.9300000667572
129.99000000953674
130.0640001296997
130.14900016784668
130.20900011062622
131.22300004959106
132.9100000858307
133.06000018119812
133.1360001564026
133.61300015449524
133.67400002479553
133.7480001449585
133.80400013923645
135.40400004386902
136.77100014686584
136.8970000743866
136.96900010108948
137.2170000076294
137.3710000514984
137.4430000782013
137.5
139.33400011062622
140.75100016593933
140.81900000572205
140.9170000553131
141.25300002098083
141.44400000572205
141.4850001335144
141.52300000190735
143.34300017356873
144.52500009536743
145.08200001716614
145.1980001926422
145.25400018692017
145.30100011825562
145.56200003623962
145.63000011444092
147.15000009536743
149.64200019836426
149.72500014305115
149.8880000114441
150.05800008773804
150.10300016403198
150.15300011634827
150.1930000782013
151.1449999809265
153.5
153.63199996948242
153.69000005722046
153.82100009918213
153.88199996948242
153.9480001926422
154.01600003242493
155.1840000152588
156.96200013160706
157.5590000152588
157.67799997329712
157.7220001220703
157.76200008392334
157.8050000667572
157.8470001220703
159.18099999427795
160.98600006103516
161.1579999923706
161.23600006103516
161.35400009155273
161.41300010681152
161.45099997520447
161.48800015449524
163.19500017166138
164.9520001411438
165.0730001926422
165.15200018882751
165.27900004386902
165.42900013923645
165.49300003051758
165.53700017929077
167.36300015449524
167.69500017166138
167.8090000152588
167.95500016212463
168.53200006484985
168.94200015068054
169.05200004577637
169.10899996757507
171.2810001373291
173.17500019073486
173.2940001487732
173.39800000190735
173.52500009536743
173.58000016212463
173.625
173.66799998283386
175.19600009918213
177.2480001449585
177.46000003814697
177.5550000667572
177.64400005340576
177.71399998664856
177.78800010681152
177.91499996185303
179.1600000858307
181.10400009155273
181.26900005340576
181.3380000591278
181.42700004577637
181.49200010299683
181.60300016403198
181.76400017738342
183.27700018882751
185.88100004196167
186.1340000629425
186.17300009727478
186.21099996566772
186.24900007247925
186.28700017929077
186.3470001220703
187.15200018882751
189.1690001487732
189.2480001449585
189.3159999847412
189.40100002288818
189.46099996566772
189.52600002288818
189.70600008964539
191.22399997711182
191.3619999885559
191.45300006866455
191.5460000038147
191.63900017738342
192.3270001411438
193.0130000114441
193.08000016212463
195.17799997329712
195.79800009727478
196.40900015830994
196.5220000743866
196.5640001296997
196.6690001487732
196.85800004005432
197.00500011444092
199.16200017929077
200.25699996948242
200.92000007629395
201.4390001296997
201.48600006103516
201.53600001335144
201.57400012016296
201.61300015449524
203.28200006484985
203.69900012016296
203.9409999847412
204.08000016212463
204.21600008010864
204.27700018882751
204.37400007247925
204.6579999923706
207.27300000190735
207.8050000667572
207.96399998664856
208.05200004577637
208.15400004386902
208.23399996757507
208.29299998283386
208.35300016403198
211.20500016212463
213.25100016593933
213.72500014305115
213.80299997329712
213.89800000190735
213.96000003814697
214.02600002288818
214.08100008964539
215.14200019836426
217.3730001449585
217.44400000572205
217.53400015830994
217.66499996185303
217.739000082016
217.79900002479553
217.85800004005432
219.18300008773804
221.65499997138977
221.74100017547607
221.893000125885
221.9670000076294
222.00600004196167
222.0440001487732
222.09600019454956
223.33700013160706
225.12600016593933
225.27100014686584
225.4980001449585
225.54900002479553
225.5920000076294
225.6380000114441
225.72900009155273
227.28400015830994
229.22699999809265
229.49000000953674
229.5420000553131
229.6119999885559
229.69000005722046
229.75300002098083
229.8180000782013
231.26600003242493
232.73600006103516
232.82100009918213
232.89800000190735
233.27100014686584
233.39400005340576
233.4430000782013
233.51500010490417
235.3289999961853
235.86700010299683
236.10800004005432
236.2150001525879
236.30000019073486
237.81500005722046
237.90900015830994
237.96099996566772
239.3050000667572
239.8730001449585
240.18300008773804
241.02100014686584
241.23300004005432
241.58000016212463
241.643000125885
241.68500018119812
243.42400002479553
245.16100001335144
245.33100008964539
245.7130000591278
245.79700016975403
245.9079999923706
245.95700001716614
245.99500012397766
247.42400002479553
249.64600014686584
249.7610001564026
249.83300018310547
249.87199997901917
249.93500018119812
249.98800015449524
250.0789999961853
251.43200016021729
254.1560001373291
254.2720000743866
254.42000007629395
254.5329999923706
254.65100002288818
254.7170000076294
254.79700016975403
255.15499997138977
257.34100008010864
257.4320001602173
257.50300002098083
257.6690001487732
257.74900007247925
257.8159999847412
257.9539999961853
259.3550000190735
261.31700015068054
262.1449999809265
262.20300006866455
262.3029999732971
262.38499999046326
262.4470000267029
262.529000043869
263.12800002098083
265.50800013542175
265.60400009155273
265.65000009536743
265.72300004959106
265.7740001678467
265.81500005722046
265.853000164032
267.2740001678467
269.4409999847412
269.52999997138977
269.5880000591278
269.80200004577637
269.85700011253357
269.9020001888275
269.94900012016296
271.154000043869
273.04500007629395
273.2590000629425
273.3690001964569
273.4130001068115
273.46600008010864
273.50600004196167
273.55400013923645
275.20099997520447
275.6410000324249
277.5730001926422
277.6170001029968
277.6560001373291
277.69900012016296
277.75800013542175
277.8129999637604
279.2090001106262
280.20500016212463
280.9590001106262
281.039999961853
281.09600019454956
281.1410000324249
281.353000164032
281.42500019073486
283.17900013923645
285.21399998664856
285.3120000362396
285.4940001964569
285.5770001411438
285.6449999809265
285.6980001926422
285.74900007247925
287.18099999427795
287.6560001373291
288.3029999732971
288.35199999809265
288.547000169754
288.63700008392334
288.67700004577637
288.71600008010864
291.14400005340576
293.22000002861023
293.3200001716614
293.44600009918213
293.5130000114441
293.55599999427795
293.6050000190735
293.6670000553131
295.289999961853
297.32599997520447
297.45300006866455
297.50100016593933
297.6180000305176
297.6579999923706
297.70099997520447
297.7520000934601
299.1820001602173
300.9910001754761
301.11100006103516
301.23600006103516
301.3100001811981
301.38100004196167
301.5900001525879
301.63700008392334
303.36300015449524
304.6820001602173
304.739000082016
304.8430001735687
305.4810001850128
305.5700001716614
305.6270000934601
305.67000007629395
307.11100006103516
307.9690001010895
309.7829999923706
309.9100000858307
309.95500016212463
310.0160000324249
310.0720000267029
310.1190001964569
311.25100016593933
313.12900018692017
313.49000000953674
313.5550000667572
313.5930001735687
313.6319999694824
313.6860001087189
313.739000082016
315.32100009918213
315.6270000934601
315.739000082016
315.85000014305115
315.9100000858307
315.96600008010864
316.6010000705719
316.6490001678467
319.2890000343323
320.9830000400543
321.42000007629395
321.5859999656677
321.69600009918213
321.7480001449585
321.82100009918213
321.87900018692017
323.2410001754761
325.2660000324249
325.3470001220703
325.4060001373291
325.4940001964569
325.65000009536743
325.6909999847412
325.7350001335144
327.1510000228882
327.87400007247925
327.97100019454956
328.92000007629395
329.26200008392334
329.4760000705719
329.53400015830994
329.5810000896454
331.21200013160706
331.6560001373291
332.8990001678467
333.0160000324249
333.14600014686584
333.1860001087189
333.22699999809265
333.2650001049042
335.1930000782013
335.8710000514984
335.98800015449524
336.5720000267029
336.60700011253357
336.6390001773834
336.6890001296997
336.7440001964569
339.27800011634827
340.5020000934601
340.66100001335144
340.79900002479553
340.9020001888275
340.94600009918213
340.99500012397766
341.24900007247925
343.2650001049042
344.75800013542175
344.9010000228882
344.9760000705719
345.0529999732971
345.12600016593933
345.58700013160706
345.6860001087189
347.1340000629425
349.1510000228882
349.2880001068115
349.4230000972748
349.5390000343323
349.5770001411438
349.61500000953674
349.6600000858307
351.20800018310547
353.29100012779236
353.404000043869
353.478000164032
353.922000169754
353.97500014305115
354.0110001564026
354.0480000972748
355.1470000743866
356.65499997138977
356.77800011634827
356.87900018692017
356.96399998664856
357.0160000324249
357.0550000667572
357.0930001735687
