0.0
3.5339999198913574
5.509000062942505
5.636999845504761
5.86299991607666
5.911999940872192
6.3429999351501465
6.448999881744385
6.49399995803833
6.5329999923706055
6.886999845504761
6.984999895095825
7.043999910354614
7.121000051498413
7.425999879837036
7.7779998779296875
7.898999929428101
8.010999917984009
8.101999998092651
8.157000064849854
8.450000047683716
8.52999997138977
8.585999965667725
8.652999877929688
11.083999872207642
11.806999921798706
11.961999893188477
12.019000053405762
12.208999872207642
12.264999866485596
12.316999912261963
12.358000040054321
15.41700005531311
20.490999937057495
21.749000072479248
22.335999965667725
22.42799997329712
22.55999994277954
22.618000030517578
22.846999883651733
22.918999910354614
22.96399998664856
23.003000020980835
23.049999952316284
23.10800004005432
24.47000002861023
24.545000076293945
24.615000009536743
24.681999921798706
24.81599998474121
25.759000062942505
25.825000047683716
25.897000074386597
26.00600004196167
26.050999879837036
26.152999877929688
27.352999925613403
27.734999895095825
27.85599994659424
29.230000019073486
29.38599991798401
29.501999855041504
29.68499994277954
29.757999897003174
31.3439998626709
33.78200006484985
33.88699984550476
33.96199989318848
34.00699996948242
34.05799984931946
34.1029999256134
34.1470000743866
35.28399991989136
36.94000005722046
37.18899989128113
37.28600001335144
37.7039999961853
37.769999980926514
37.82299995422363
37.86699986457825
39.105000019073486
39.555999994277954
39.71000003814697
40.907999992370605
40.98899984359741
41.06599998474121
41.12100005149841
41.20799994468689
43.14800000190735
45.55200004577637
45.65999984741211
46.0550000667572
46.11899995803833
46.1800000667572
46.23199987411499
46.28600001335144
47.09500002861023
49.61500000953674
49.72699999809265
49.80399990081787
49.90599989891052
49.9760000705719
50.09699988365173
50.138999938964844
51.17199993133545
53.240999937057495
53.38199996948242
53.501999855041504
53.70700001716614
53.77799987792969
53.83699989318848
53.89999985694885
55.323999881744385
57.55799984931946
57.662999868392944
57.74900007247925
57.937999963760376
58.06500005722046
58.16100001335144
58.2189998626709
59.319000005722046
60.6029999256134
60.71600008010864
61.2260000705719
61.34699988365173
61.490999937057495
61.57699990272522
61.621999979019165
63.18400001525879
65.57099986076355
66.1859998703003
66.2720000743866
66.32500004768372
66.41599988937378
66.4779999256134
66.52699995040894
67.1949999332428
68.63299989700317
68.86100006103516
68.92599987983704
69.03799986839294
69.07800006866455
69.15899991989136
69.19700002670288
71.14400005340576
73.3289999961853
73.83299994468689
73.95000004768372
74.0090000629425
74.09899997711182
74.15999984741211
74.2039999961853
75.13299989700317
76.6729998588562
76.74199986457825
76.8109998703003
76.91899991035461
77.20499992370605
77.26099991798401
77.3199999332428
79.23399996757507
81.89400005340576
82.15899991989136
82.22000002861023
82.25999999046326
82.29999995231628
82.3510000705719
82.39499998092651
83.44199991226196
83.89100003242493
84.09500002861023
84.23300004005432
84.33200001716614
84.41400003433228
84.46099996566772
84.51699995994568
87.30200004577637
89.85599994659424
89.91899991035461
90.11699986457825
90.18700003623962
90.22899985313416
90.2720000743866
90.30900001525879
91.15999984741211
93.57599997520447
93.64100003242493
93.78699994087219
94.03499984741211
94.08299994468689
94.1269998550415
94.17400002479553
95.11100006103516
97.05299997329712
97.13499999046326
97.25399994850159
97.35999989509583
97.47099995613098
97.51699995994568
97.57299995422363
99.0680000782013
101.01999998092651
101.20199990272522
101.26600003242493
101.30799984931946
101.35999989509583
101.43799996376038
101.50300002098083
103.20000004768372
105.2519998550415
105.36500000953674
105.53499984741211
105.60999989509583
105.69599986076355
105.85599994659424
105.89599990844727
107.16899991035461
109.7039999961853
109.80999994277954
109.93299984931946
110.01900005340576
110.10199999809265
110.17400002479553
110.24900007247925
111.15100002288818
113.04299998283386
113.13100004196167
113.2039999961853
113.27699995040894
113.42400002479553
113.4670000076294
113.50300002098083
115.19700002670288
117.3769998550415
117.50799989700317
118.03699994087219
118.17899990081787
118.25600004196167
118.31200003623962
118.37800002098083
119.1800000667572
121.36999988555908
121.46000003814697
121.50099992752075
121.57099986076355
121.60899996757507
121.66199994087219
121.74499988555908
123.08200001716614
125.7039999961853
125.80999994277954
126.15899991989136
126.20700001716614
126.25600004196167
126.29699993133545
126.3439998626709
127.07599997520447
129.42499995231628
129.55799984931946
129.77600002288818
129.8510000705719
129.91299986839294
129.96799993515015
130.02699995040894
131.1470000743866
133.0349998474121
133.87999987602234
134.0199999809265
134.09299993515015
134.1399998664856
134.22399997711182
134.27499985694885
135.09299993515015
137.2920000553131
137.41499996185303
137.48300004005432
137.55599999427795
137.6399998664856
137.72000002861023
137.86899995803833
139.231999874115
142.34899997711182
142.4869999885559
142.61500000953674
142.7079999446869
142.7720000743866
142.82500004768372
142.86500000953674
143.13699984550476
145.30599999427795
145.41499996185303
145.50600004196167
145.61500000953674
145.7279999256134
145.80799984931946
145.8550000190735
147.1670000553131
149.22300004959106
149.33200001716614
149.40499997138977
149.54500007629395
149.72699999809265
149.78999996185303
149.8329999446869
151.09899997711182
153.0369999408722
153.13899993896484
153.20499992370605
153.29299998283386
153.4449999332428
153.53999996185303
153.57800006866455
155.11800003051758
155.55099987983704
155.7409999370575
156.00999999046326
156.28099989891052
156.3380000591278
156.8309998512268
156.8989999294281
159.19799995422363
161.0699999332428
161.18899989128113
161.31200003623962
161.37199997901917
161.43799996376038
161.6210000514984
161.6729998588562
163.1399998664856
165.7389998435974
165.8710000514984
165.94899988174438
166.02099990844727
166.06500005722046
166.09899997711182
166.16100001335144
167.13299989700317
169.38899993896484
169.50499987602234
169.59500002861023
169.6619999408722
169.77999997138977
169.84800004959106
169.88899993896484
171.15899991989136
173.10399985313416
173.29299998283386
173.45899987220764
173.5019998550415
173.54699993133545
173.5899999141693
173.635999917984
175.10899996757507
177.28900003433228
177.40899991989136
177.60800004005432
177.70099997520447
177.760999917984
177.80200004577637
177.9170000553131
179.24399995803833
181.78399991989136
181.92599987983704
181.99199986457825
182.0349998474121
182.08200001716614
182.12599992752075
182.17899990081787
183.3439998626709
183.63699984550476
183.81500005722046
184.84599995613098
184.90899991989136
184.94799995422363
184.98499989509583
185.0239999294281
187.18299984931946
187.5239999294281
187.66899991035461
187.7979998588562
189.13199996948242
189.231999874115
189.27600002288818
189.3180000782013
191.14999985694885
192.80399990081787
192.9779999256134
193.10899996757507
193.2039999961853
193.39599990844727
193.45300006866455
193.5149998664856
195.1470000743866
196.7720000743866
197.13100004196167
197.2170000076294
197.28600001335144
197.3399999141693
197.38899993896484
197.4539999961853
199.11899995803833
200.9689998626709
201.04099988937378
201.20499992370605
201.26900005340576
201.33699989318848
201.40400004386902
201.4800000190735
203.1579999923706
205.66799998283386
205.74799990653992
205.81699991226196
205.89800000190735
205.98099994659424
206.10599994659424
206.15700006484985
207.20000004768372
209.35199999809265
210.2720000743866
210.3529999256134
210.43700003623962
210.4889998435974
210.55799984931946
210.6289999485016
211.09699988365173
213.25300002098083
213.35800004005432
213.45000004768372
213.52099990844727
213.63899993896484
213.760999917984
213.7960000038147
215.11100006103516
216.8899998664856
217.1050000190735
217.16499996185303
217.20499992370605
217.24699997901917
217.33399987220764
217.3880000114441
219.29099988937378
221.86899995803833
221.9649999141693
222.22300004959106
222.3710000514984
222.4229998588562
222.47399997711182
222.57999992370605
223.1029999256134
224.77999997138977
224.84899997711182
224.9170000553131
225.5279998779297
225.62800002098083
225.71199989318848
225.77600002288818
227.26199984550476
229.5369999408722
229.7260000705719
229.83399987220764
229.88899993896484
229.92599987983704
230.0019998550415
230.04299998283386
231.1599998474121
233.15499997138977
233.2409999370575
233.30999994277954
233.4079999923706
233.50600004196167
233.5880000591278
233.7539999485016
235.11999988555908
237.21099996566772
237.5829999446869
237.64400005340576
237.7149999141693
237.7649998664856
237.82200002670288
237.87400007247925
239.12299990653992
241.39800000190735
241.60999989509583
241.7720000743866
241.89999985694885
242.0369999408722
242.11899995803833
242.16499996185303
243.24799990653992
245.41299986839294
245.57699990272522
245.64299988746643
245.71199989318848
245.7869999408722
245.89400005340576
245.9630000591278
247.14199995994568
248.48499989509583
248.57599997520447
248.65899991989136
248.79099988937378
248.875
248.93299984931946
248.9800000190735
251.0920000076294
252.6670000553131
253.41899991035461
253.53999996185303
253.60599994659424
253.67899990081787
253.74699997901917
253.8069999217987
255.08399987220764
257.6340000629425
257.7149999141693
257.7909998893738
258.02099990844727
258.164999961853
258.1989998817444
258.24000000953674
259.12400007247925
261.5639998912811
261.6529998779297
261.87599992752075
261.9579999446869
262.00300002098083
262.0590000152588
262.1119999885559
263.13499999046326
265.34999990463257
265.44000005722046
265.5609998703003
265.8970000743866
266.0859999656677
266.19400000572205
266.25300002098083
267.1050000190735
268.32299995422363
268.39599990844727
268.4470000267029
268.5349998474121
268.5750000476837
268.8899998664856
268.9409999847412
271.15499997138977
272.7369999885559
272.86899995803833
272.9140000343323
272.98099994659424
273.02099990844727
273.06500005722046
273.1010000705719
275.1089999675751
277.63499999046326
277.7869999408722
277.8510000705719
277.9170000553131
278.039999961853
278.0920000076294
278.1419999599457
279.14999985694885
280.90499997138977
281.7300000190735
281.7920000553131
281.8710000514984
281.91299986839294
281.9500000476837
281.98799991607666
283.22899985313416
284.42700004577637
284.5199999809265
284.6010000705719
284.7279999256134
285.04699993133545
285.18499994277954
285.2300000190735
287.15700006484985
289.1579999923706
289.9140000343323
289.981999874115
290.0279998779297
290.0750000476837
290.1159999370575
290.1659998893738
291.3439998626709
293.5239999294281
293.6800000667572
293.7579998970032
293.8380000591278
293.92199993133545
294.029000043869
294.29900002479553
295.1840000152588
297.6010000705719
297.6889998912811
298.0859999656677
298.17599987983704
298.25099992752075
298.3050000667572
298.39400005340576
299.0680000782013
300.8639998435974
301.02499985694885
301.2079999446869
301.25
301.31500005722046
301.36899995803833
301.42400002479553
303.1879999637604
305.1139998435974
305.1870000362396
305.25600004196167
305.37999987602234
305.460000038147
305.77099990844727
305.81900000572205
307.11500000953674
309.63899993896484
309.70700001716614
310.135999917984
310.2039999961853
310.2890000343323
310.3729999065399
310.42199993133545
311.0869998931885
311.8699998855591
312.36299991607666
312.43099999427795
312.47499990463257
312.51799988746643
312.5629999637604
312.6089999675751
315.106999874115
317.0620000362396
317.2829999923706
317.40899991989136
317.4539999961853
317.4960000514984
317.5369999408722
317.57800006866455
319.22899985313416
320.9189999103546
321.345999956131
321.4379999637604
321.48600006103516
321.529000043869
321.5720000267029
321.61699986457825
323.1159999370575
325.25600004196167
325.3639998435974
325.4630000591278
325.56500005722046
325.6289999485016
325.731999874115
325.8069999217987
327.0989999771118
329.42599987983704
329.53799986839294
329.67199993133545
329.856999874115
329.9500000476837
330.0
330.07599997520447
331.2019999027252
333.42599987983704
333.50600004196167
333.64400005340576
333.74699997901917
333.856999874115
333.95700001716614
334.1210000514984
386.1449999809265
388.2760000228882
388.3639998435974
388.4359998703003
388.50099992752075
388.5590000152588
388.60399985313416
388.654000043869
506.2119998931885
509.87999987602234
509.9830000400543
510.0460000038147
510.15199995040894
510.2130000591278
510.3199999332428
510.460000038147
626.1129999160767
628.9029998779297
629.2019999027252
629.2909998893738
629.3810000419617
629.4579999446869
629.5220000743866
629.5880000591278
